idw.asc
NCOLS 250
NROWS 250
XLLCORNER 2.0
YLLCORNER 3.0
CELLSIZE 1.0
NODATA_VALUE -9999
[rows 38 to 56 of 250, columns 132 to 175 of 250]
98.10415684520353 97.71986251509499 97.30359372106875 96.6488830819615 95.6325977248475 94.43396133665824 92.11828156669222 90.84284542003464 90.68854807459905 90.02473742041829 89.8228677096197 89.02895368443173 88.83043991287072 88.16991457453467 87.42223011568214 86.64222801558105 86.0806866411272 85.61169942508049 83.1865803357247 82.72061278680106 81.3126660100447 80.84853427188062 79.35438024150065 77.93249926754754 76.35679869149821 74.70736083330027 74.10029754276854 72.9906682292585 70.79652559976061 69.17971252039484 68.91913543338724 68.72591060394896 68.57984268731859 68.00475627972419 66.49149226706291 65.96955710487191 64.80108843362694 64.36823792627787 64.00703184501211 63.70343360426417 62.566550240928294 62.19776659088264 61.801594897367536 60.37499884688441
98.19016010402002 97.82566028620181 97.24945502494181 96.65919730334788 95.848775590741 95.36580630005096 92.91635701558577 91.22573087838138 90.99780160349057 89.75869377785126 89.00962614690906 88.04456445160919 87.88887653656866 87.63237296934808 87.05884150543085 86.53474093582483 86.05487127599395 85.72582244264566 83.04244457436614 82.54988630416993 82.09207495249397 80.79230688083078 79.42614913351849 77.8591336523441 77.3029935849601 74.07267592200441 73.51526162439248 72.9433993928234 71.27733120548896 70.31743605433905 69.94265405919893 68.47999958694325 68.6182976021879 68.20727856891634 67.08481615481017 66.44979213107354 65.03171657966075 64.53663696564878 64.13293835505606 63.78928196475985 62.57290347701929 62.1785279054994 61.06094758852831 60.025980433544134
98.81530566645993 98.47107455017583 97.85317001412051 96.53517150193584 96.08249338074334 95.28794423054292 94.8421338638098 92.03064394728985 91.03379772865217 90.79098315747964 87.98775951599872 87.72739236184327 87.52908773561406 87.25567094815301 86.88566482056795 86.46399593418062 86.04521219457185 85.66072427117383 82.92567575673557 82.45370004015439 82.00499404079034 81.5636359141935 79.36608310757155 77.8177876405064 76.49378874181487 73.74359906809609 73.23883016994374 72.71933966367575 71.27804075082692 70.83795206886306 69.51928638040333 69.26913615722995 68.4870904661868 68.18232776780509 67.31462713440374 66.63380403041761 65.35778032301236 64.87098419845182 64.4725064069913 63.82052422730133 61.857026863803675 61.41388114639519 60.425855120063105 59.92605043655764
98.92626968407973 98.44180760370371 97.77018479906395 97.32115866945213 96.86140530015321 96.0869396105788 94.97212074655823 93.50737004648855 91.22341844148987 89.54462759865147 88.57049556718627 87.32675328364019 87.12950915810309 86.87474828208471 86.56225559490997 86.21325018900555 85.85836393400939 85.0645913268033 82.54870116570189 82.13396444764926 81.73442819658479 81.3385583166943 80.09502289383623 77.67617217735454 75.2786596234991 73.73016318318062 73.2436130983656 72.74214709874282 71.3230259518945 70.29335113700601 69.93581970985247 69.60898221028935 68.55417533542166 67.9015647925267 67.19787625065935 66.62106579396728 65.35650901799684 64.88779047665716 64.49106529961904 63.353051986060976 62.12590032351331 60.80705895689312 60.32733153621544 59.82860865327214
99.61471164211088 99.25948331933765 97.98764801429704 97.55540976387137 96.85001368661285 96.39428977587764 95.30892097994486 93.77225812683625 92.27664574123025 88.60382367584243 88.38217689423652 86.95438527146393 86.76151195379772 86.5233318580217 85.74741670660889 85.44341478992325 85.13443925310119 84.83913795817038 82.35718601201845 81.97934741565267 81.61048418854558 80.40943236118925 79.2598865942421 77.92374697245378 75.67593781809344 74.85446432693064 73.65944796586518 72.26926422523815 71.40799290551213 70.34641434232488 70.00552610782715 69.23012912351592 68.60907685705743 67.21074289829409 66.86577602196614 66.46347712962667 65.2453705611687 64.82594012283302 63.66188882016875 62.89519939133318 62.48802468960344 62.086040421595506 60.22680793323283 59.36597324763693
99.84438821409061 99.1492618823027 98.77334591634362 97.48156035267243 97.07146114172961 96.67629559886407 95.72748652588834 95.38242224970963 90.7866034767269 89.10235128186784 88.21632057845532 86.60963277132481 86.41884272030606 85.6519731884711 85.39690354934372 85.1223596105377 84.8430512510878 84.57362675437325 82.15584860687784 81.8161792027362 80.66135821129951 79.54798258603326 78.2701403469362 77.86596430763188 76.50454388216662 75.26125565856047 74.78492127664896 72.58476526486386 71.26207606216516 70.41443032775356 69.51639210255918 68.68525672719701 68.53322072779504 68.36942472177583 66.85288469821548 66.58913596041899 64.82439576523073 64.43128753506987 63.19254807548149 62.780487992363966 61.8705542753379 61.4689718082253 60.29515352926046 59.25920219698505
100.1701956979577 99.11454577266794 98.72914700846893 98.35354763701608 97.23728094925343 96.3902986995446 96.0655962034601 93.37628853374628 91.31587686508142 90.49497113145043 89.4112634699179 88.35186734284328 85.51741965423493 85.29957884665896 85.05640861869824 84.79704724681632 84.53311329156776 84.27721952782686 82.90070919452748 81.65131913411167 79.78259262627203 78.39435290774489 78.06075969327259 76.84307201423377 76.470623511633 75.35253279208627 74.91357876236549 72.1092914004441 71.15062925764867 70.5007235932485 69.51822276248328 68.65401043734073 68.44376108985965 68.23590042403568 68.01572472943404 66.17278751741026 64.89606888083932 63.62681877395839 63.20976859601806 62.225691975495245 61.80514919256527 61.387012830093134 60.964760049630215 59.142502772028045
100.16719989104463 99.78958890972227 98.92336792597334 98.55109709934487 96.95698337377164 96.22382289614565 95.93309430800787 92.83525895154769 91.43754453946329 91.15265294247061 89.98472489829513 89.67837293991212 87.01958114484762 84.96712508141255 84.72732337047324 84.47228095876032 84.21175847220938 83.95748496009078 83.11384772091213 80.36734936307447 79.43670562830266 78.37231389494909 77.24603232479151 76.91357721935373 76.53837385794654 76.12862182878126 74.15823871417824 72.31676008398743 70.70439885511792 70.32246545168667 69.97165969771298 69.65316185249634 68.40913567876689 68.16424747946922 67.92138329373441 65.9509826986951 63.81571758370703 62.86958271861062 62.457427308598824 62.0397517242955 61.62556475100834 61.21681260246821 60.13441048371718 59.696571616188265
101.09633388816131 99.97010062767936 99.11742354307651 98.76554790613491 97.54753770172137 96.36981132267464 95.71056079035978 92.9255766851971 91.50358939222988 90.27613595059509 89.94901917980214 89.6089293183814 88.1301154301614 86.5702205915864 86.25718527311 85.05952208175913 83.88683534931583 83.01195096766136 82.08976477787039 79.59954259520757 79.40714814038103 78.40805019029732 77.37819067357074 77.03449441489083 76.34335389393048 74.98341174851693 74.52344505321012 71.92051474394981 71.4542852997047 70.47843188522796 70.08695206518355 69.72525471087653 69.39064100713571 68.08330362552286 67.81077689449215 65.76162487791625 63.85741452549867 62.69565875760704 62.27565473346561 61.848162785632404 61.43085060835618 61.03011749671924 59.96868394775488 59.543796831312804
101.21110440775011 99.60712771587497 99.22009047256032 98.62485157366369 98.14055342321103 97.11426527602775 93.3842161486998 93.00754888576395 91.57781658102394 90.28556672151944 89.92968763502125 89.2611154829542 87.83011196485288 87.49443909590218 87.12610909648957 85.24853307187006 83.25168023332421 82.31176031935723 81.26510237426125 80.08350387750531 78.6008840520403 77.69540924123548 77.38497933392763 76.98011038772498 76.21067628265645 74.78042390095302 73.18840686861427 72.62650132742289 72.0912229426682 71.12886935288759 70.67339437152127 69.76706737717947 69.37678312285898 68.41925554102875 68.10573505067356 66.63818433994108 63.71842388978221 62.5719685307439 62.10994182959266 61.64460579377668 61.208233493179 60.19467002531881 59.400795946418484 58.98700767876212
101.74916946838471 100.310279875862 99.06950855821118 98.59489333387567 98.24415623991653 97.93049034042853 93.46189266893697 93.0843033026746 90.29748374603673 89.95277239489957 89.59405884416208 89.21619519494706 87.75937294089171 87.38505329097089 86.19557715739924 85.32652913458432 84.08965331155163 82.82756667510913 81.70378485080498 80.88355847708459 78.91082020593609 78.29381923261661 77.55465914618178 77.0268016399264 75.67699528485495 75.05002672311959 73.40852136976636 72.78644460139165 72.198395497736 71.63989400405782 70.70949318311847 70.21700067974983 69.3207445477534 68.87094542020678 67.91345327330878 66.1521346752353 63.67364008163613 62.50740261130515 61.957238548691905 61.41043573385032 60.37509781576931 59.610424980079344 59.23361490935938 58.83148480016135
102.4548736643177 101.49123766136688 100.33426223790795 99.13114177745051 98.29827264491168 97.99648646502258 93.53303708568924 91.705319078967 90.34843101533029 89.98502574242406 89.60304342846958 89.19785097315874 87.36527431172597 86.10796628772381 85.66563786448441 85.19078301912846 84.6803093786026 82.59363685257486 80.97302815077882 80.79461609030601 79.6884109496664 78.85205159266943 78.34822579653253 76.75454526798477 75.98888420078391 75.27676417625622 73.59413754660203 72.91717115944147 72.27986181543275 71.67316572969862 71.0857925047159 70.49755677556558 69.87467113894934 68.95981170121803 67.74165087680562 66.04635089601022 64.30735864778055 63.12747396800082 61.81432516983775 61.12235882473298 59.74214737618834 59.16760298531659 58.82228720938289 58.21023986713166
102.30162088520093 101.30362328169203 100.96348747404596 99.8730148916542 99.57120902041453 97.47953809392573 94.9030224723453 91.7133749944705 90.28758051551002 89.8802883169274 89.4500768675043 88.99393402922121 87.40926768347867 86.10244543342702 85.62233251180332 85.1083580617398 84.55472978835049 82.0140218974829 80.902810567404 80.7174808028403 80.29518682790166 79.6127145566865 78.37157642107184 77.46656000569246 76.6907563376419 75.43323741201046 73.73083320101884 73.01369168454923 72.33597571564783 71.68828175444094 71.0620744406866 70.43518404566996 69.74321784742601 68.23371809073663 67.1503678501292 66.0649124272212 64.517568099367 63.093349734133206 62.179980221696795 60.55091600427896 59.124700121652 58.862247756683345 58.599555914076774 58.15846704885119
103.2341546148809 101.08080336836649 100.7179636314888 100.38571926316831 98.8940363700639 98.57915271612003 94.92654649003967 91.87214740520785 90.41766559734953 89.99236128453168 89.54024313153971 89.06008993424791 86.62697605984877 86.14169094804949 85.23544851154692 84.68691398302732 84.11416320722749 82.76230171826117 81.58460954673544 80.68357961728194 80.1130204936801 79.80836505455245 78.71133120599612 77.52912023279386 76.76777416927115 76.0674752614446 73.8146873466833 73.07835233014805 72.37133260856375 71.68787657182848 71.03233466016596 70.40777285706386 69.7576890211767 68.29392968557954 67.19121506634939 66.08214037338726 64.2856426788428 63.49016011442224 61.940069429948664 59.72440854110391 59.07681270099865 58.80897654776987 58.51126645193827 57.49189242950114
103.07888784586315 101.56396722178121 100.43375049042082 98.97660019547601 98.61964413293724 98.30445642738309 94.53857037173113 92.28247712218737 90.64960195015439 90.05447975836859 89.54420582587822 86.9493292964116 86.42547078947422 85.88359451847828 85.32514252041604 84.75086222615705 84.16213437531594 82.47160139622794 81.97602900497968 80.3289555902671 79.75534628758679 79.62085693490567 78.7563695573053 77.77389758725195 77.1390658105637 76.0886547925101 74.49348212609533 73.12390633656706 72.39930562378797 71.67862134500415 70.97461063116424 70.34912464738125 69.85803668855854 68.65235767282243 68.00850090744632 66.58778364636369 64.16569408450407 63.45121391635194 62.15174951318622 60.16890641509457 59.20372483348999 58.35016628214741 57.8482922597574 56.75803860705025
102.8947721444798 101.93790303016834 100.11185273588127 98.67995637101558 98.31744938683173 98.00496793350334 94.54909717287038 92.45184810474575 90.87598282262195 90.3352545529084 89.76166276333355 87.04102149723482 86.43497259514204 85.82039293922385 85.20126640407021 84.58092612321592 83.96418952820478 82.57160713917133 82.06589186994438 80.27041194913727 79.52947653583075 79.35240106073677 79.0622356327321 78.02329787564501 77.49954735808195 76.45964535973867 74.53806220378222 73.17166040401837 72.44620662130008 71.6953735458427 70.90396699064904 70.08101967476966 69.36413203816065 68.59163578100059 68.04663864409068 66.78955907755574 64.069813022857 63.41954644131233 62.16881628391697 60.156975938809246 59.10721395895406 57.591904807495965 57.12348516978841 56.624191582986576
102.68677662512829 101.65452303948666 99.5349884550585 98.35861993880366 97.990015597858 97.68538153431055 93.99749035251502 92.65762201624156 92.11417103506872 90.55977622357149 89.95920677215844 87.33009583109337 86.68138708315794 86.03209291405612 85.38560403983315 84.74303636567767 84.1051667966565 82.67833637611557 82.12269852493145 80.94618935147896 79.4376801315315 79.24685817679065 78.94419882257237 77.88172052839381 77.38266087235452 76.84930729130247 74.87068213475824 74.18262597012861 72.73372037484498 71.80368790416094 71.01371141883251 70.16820489198973 69.17448202748463 68.74491147225842 68.24697645906738 66.90817656517197 63.99598111162169 63.0080666716798 61.72554744648001 59.5404491381598 58.30160772439908 57.8276499022429 57.34887004815229 56.49839415950625
102.46647596604328 100.4587695928926 99.8387421454495 98.0178350900053 97.64056151365992 96.91442321697372 95.67730188811375 92.89359633453935 92.30021099985056 90.79135116225254 88.32138716952024 87.62716488166437 86.93519893195368 86.25314824492486 85.58386957099661 84.92422853816764 84.26716629848953 82.80152711935911 82.17516777230443 81.50900896929265 79.87014818055145 79.32124049004078 78.89438169512214 77.76266076814017 77.25742918145103 76.76771256064467 76.25859474070262 74.60008715454349 73.8822410840867 72.16473863616316 71.44838091059036 70.2896254160153 69.2058777209885 68.78140673447452 68.2987448141685 65.18086087224742 63.56617496164246 61.8104040612427 61.1713190893654 59.86053802306088 58.165664987052665 57.69298844338893 57.21688635763565 56.72385784774341
101.8387330080162 100.32555204584968 99.47957451082749 97.67268260772498 97.27283245846922 96.6898996391412 95.64338578910693 93.13105871877065 92.46400145464729 90.24627103053344 88.66660962654113 87.91883893862591 87.18103959694264 86.46842899710941 85.78410155165147 85.11895367546417 84.45682251762179 82.96816407585187 82.30372182681344 81.58207441993599 79.8551330607412 79.27923400360885 78.78518103073503 78.26422722925957 77.07682201673177 76.65130532055001 76.24455238568558 74.72380671847044 74.09140405669984 72.6366074763327 71.98984669202851 70.66753769370071 69.28159716481196 68.81027364721199 68.31108392042975 65.91508170933695 63.037590703216296 61.68684103075942 61.08804412810175 59.596572290823644 58.03884958540936 57.58441496491973 57.12360242908427 56.641928553898936
