idw.asc
NCOLS 250
NROWS 250
XLLCORNER 2.0
YLLCORNER 3.0
CELLSIZE 1.0
NODATA_VALUE -9999
[rows 114 to 132 of 250, columns 44 to 87 of 250]
122.28553694500036 122.82660641608686 123.33675457490604 124.4222734111269 125.24824816436569 125.9191760652283 126.52574373845688 126.9217466464013 127.23981530821386 127.33047785734408 127.30482778384781 127.10066543857127 127.14641323552617 127.8547976926098 128.65675228654186 129.04294245740826 129.08487925473796 129.1890005090883 129.367352049048 129.94151343863427 130.34602460057707 130.6501488440418 130.97735017676223 131.35908030017066 132.09845120351272 133.1014372224003 133.78180123630298 134.8426108461809 135.71362277898908 136.73663366407226 137.42266682514582 138.31814172611436 138.7766269058421 138.9798024010026 139.3988411109611 139.87122479147743 140.17772228739022 140.49594349341066 140.70983596062797 140.71554736528324 140.61901336870946 140.61829926674926 140.7011774087604 140.88197433775653
121.92753482663598 122.70618489545544 123.4444904086969 123.97871216614207 125.33021712117656 125.97946422473213 126.45238167791652 127.09052324290595 127.31071247267745 127.43380121843771 127.44653402531259 127.5218572451912 127.63983044721446 128.09546461289116 128.6645552225807 128.95135820958976 129.05721684424213 129.24769037834196 129.6549418431834 130.13449542047735 130.43487346269407 130.81978515812338 131.33673859337148 131.7695147595976 132.72653897089086 133.34493170859366 134.22054897044168 135.13113164740452 136.45272579156762 137.28749339814252 137.91145161183294 138.49558014985365 138.94549542038965 139.10968488374772 139.48910189119925 139.99288718250745 140.27269860796295 140.55690230648779 140.72943044853034 140.7480970891438 140.6989567734349 140.78141603691643 140.88677243755942 140.99913134140286
121.63147068532005 122.66178855731324 123.45148380593447 124.35871127708188 125.13642889861667 125.97549088780147 126.61917814360811 127.13012802277225 127.43002928844413 127.63832341803179 127.7352803119234 127.91908662252123 128.13669721464467 128.41550674262314 128.806067325312 129.00910565096328 129.25801699567913 129.67405551558477 129.8904108722231 130.4583670637328 130.76818006838772 131.10573835523064 131.61015052422 132.07683636597508 133.07138527800885 133.72307653793575 134.60862819232273 135.9467845578015 136.74427198423498 137.7358700173687 138.12710811287482 138.58397370113246 138.94727935681203 139.18924252258284 139.56327675070838 140.0521621058931 140.3001178919663 140.52591324061345 140.6941126963179 140.72799202965055 140.76359925951894 140.87586196779225 141.00067606255882 141.11680426985666
121.34265016605492 122.28478085567657 123.39541273177599 124.19077329214532 124.90673950985793 125.75307371395233 126.63943669092326 127.04822689833264 127.46582068514299 127.73119509266077 127.94122489926008 128.11108346795098 128.56036275094226 128.76281727709667 129.0848510289878 129.3122900936138 129.65081314500492 129.95732730606662 130.27881911816692 130.5070577496605 131.0118026940852 131.34929067098506 131.83213224692597 132.56846212647713 133.4138970934371 134.28322918213254 135.37967555498284 136.54080214188016 137.15006723872986 137.92652844417404 138.38297618845868 138.8366809595301 138.94374487572856 139.21808613900515 139.74011176436105 140.00984902358726 140.25328299867482 140.47207062581776 140.6802860378025 140.7637506806534 140.84102383062765 140.99431689955762 141.14012772716293 141.28244077817726
121.1459843572974 121.8829233092408 123.19889544507141 124.08322105271874 124.8771611290898 125.77218627770296 126.69044487919575 127.13688733562005 127.50146128958279 127.88474540951388 128.15308330194222 128.4030384667276 128.77394847460363 129.21580101626049 129.61438765533603 129.73120366067485 130.1037053350023 130.40189555860692 130.57034840626181 130.87175685029473 131.20567151157107 131.69555384764385 132.24327317019248 132.95445128887002 133.9412683876299 134.8191351666252 136.04972696165584 136.8872566090422 137.68968499042774 138.25107665132668 138.70602137967202 138.81314918463116 138.9042628803574 139.3127014880202 139.59034834068572 139.87443586126395 140.2164732329714 140.5839465313543 140.73537847297746 140.86306558817097 140.99678367030697 141.1639795195899 141.3089736192081 141.4934501223079
121.21324213807573 121.87845294677973 123.12488911500267 124.053697980022 125.1471135901688 125.8732299439217 126.57297162887778 127.30520938087166 127.70796893993713 128.12384894905824 128.43742544182177 128.82650544673731 129.27853408376996 129.5230708346275 129.95468294057468 130.23702235540784 130.66656951883806 130.7932428498671 130.94290241941735 131.12987180637592 131.48027367976778 132.14682654459037 132.6786971809458 133.21355330981723 134.24586429884238 135.3655518893886 136.3412547290526 137.22283959268606 137.87973733402094 138.37157590778634 138.74011471363346 138.74908934549288 138.86864214384067 139.2369651970063 139.53592192677047 139.8390629118337 140.27948440187478 140.67030575194758 140.8473175628179 140.98718902394083 141.14686631685282 141.359644416963 141.56181777904473 141.75730174306315
121.47659803271185 122.26703836806642 123.19152202714886 124.15297630493053 125.26573327336372 126.05054939520036 126.69501467824502 127.29530372684307 127.91205080333555 128.30706806321203 128.71268194823745 129.07530841108408 129.59419983461004 129.93370880085988 130.4674882412672 130.64688726511582 131.02437896834044 131.15104769286506 131.3054306369459 131.5951730304863 131.8562424648545 132.31888032332867 133.00580968337343 133.52661889958404 134.30650734399413 135.7464601153074 136.69491973770405 137.36373777581701 137.99035648413818 138.4975201877023 138.7314823055542 138.76199969206124 138.93908622830816 139.2091086775151 139.49037244583843 139.85541016953908 140.33613045648906 140.66773344445647 141.01362157191963 141.1760753143559 141.3155637879719 141.53210506408877 141.74651501901204 142.01009422027013
121.84827823090235 122.60747389938766 123.32674064757175 124.33055368174628 125.31058398409742 126.04277053168185 126.76305245412208 127.4244397057097 128.05137880603962 128.43383911028425 128.81559137885407 129.26069337364467 129.8458987437579 130.37130432710788 130.83075572953973 130.93941943479203 131.18320913369803 131.3786122418632 131.5504816724945 131.75789935340654 132.13441482232855 132.47795372230647 133.031913229327 133.74718640351247 134.64261193295295 136.0354596513954 136.68911972077723 137.41096054748203 138.1046854544046 138.59006687545016 138.79888026891638 138.9114019569417 139.0120787591976 139.26346465591618 139.53622554177167 139.86767830532628 140.4623940134494 140.7941977874877 141.2117855040626 141.41123435876816 141.58499479043692 141.7442381919545 141.95953401028163 142.27952631657752
122.21678767144503 122.90826875514364 123.56716472959343 124.60739541709847 125.49027111263928 126.22750089455539 126.87205609170275 127.41589970102274 128.09615276762784 128.5443434749782 128.9472156705505 129.3778245995814 130.113929004932 130.65539178511887 130.96577824191638 131.05461408086532 131.31019265844395 131.50646074461 131.76800948029614 132.0410292574771 132.39683004757222 132.83029849220082 133.4005533019944 133.90909174445602 134.94492867115483 135.9285874200222 136.80687575569635 137.4640048883856 138.23504357144458 138.73664821873558 139.03658319792854 139.06247008341768 139.00651115109835 139.22800062731093 139.61909714010716 140.14796024022885 140.57851419570105 140.96138934649713 141.35916834741514 141.6542786613753 141.7840271333024 142.04931360989815 142.2017736483743 142.4543461353323
122.51062194807133 123.1125055981134 123.74054959598979 124.76239392222215 125.63929923222857 126.3833309323453 127.02297684118697 127.59270058641641 128.02416702011703 128.50057603492002 128.98082014824325 129.4382319119137 130.12398459336313 130.7344050637589 131.0171500385656 131.2891528286134 131.5480256848546 131.69595591770147 131.99192879089662 132.27810475240742 132.55617638666342 133.02859984642245 133.47282832729184 134.10124347301158 135.0025876123886 135.8727555929435 136.63559194189884 137.30349733776464 138.12151076724163 138.63414895878296 139.03803854328837 139.06670232526258 139.0036630808727 139.21127655122075 139.52208978968173 140.3386267810981 140.85457981320016 141.31337915805304 141.6325112171609 141.84226720205172 142.07539378463488 142.1684871253204 142.35274379180356 142.60374625896276
122.58811737468396 123.10147387085948 123.7871871592836 124.86091294825903 125.72697660800728 126.55354266715071 127.23782584540209 127.72768587550127 128.1542424407078 128.58977092129643 128.82328687812287 129.22320948708474 129.9378294943091 130.60446711954296 131.06742817516582 131.4971051332943 131.63761588817908 132.0088929711799 132.2859225356064 132.46064170870187 132.74863263351386 133.11536537844898 133.69926802060658 134.49723027501892 135.18769838084364 135.9624268862823 136.61792707758275 137.3653292319824 137.86527438843544 138.3342396987828 138.72115241733846 138.9238344730617 138.93134893081722 139.2483968340485 139.61681348413217 140.37376912127849 141.0716674978539 141.761541152812 142.07603617410845 142.14328647886137 142.22375946772405 142.25791183571016 142.41100688284675 142.8271828534436
122.49114183380084 122.96192005075416 123.80273932213612 124.94340696531238 125.92352049353761 126.71529083784878 127.35821487400638 127.76683835192665 128.19593644463347 128.68712284316805 128.8375988885676 129.18098232259857 129.64925401223613 130.41421296496503 130.96985097743195 131.43758522916255 131.92973708479556 132.57204067034056 132.67488202463545 132.68924536683474 132.93901807123362 133.35802187239818 133.97576614106114 134.62402372797735 135.36163397980596 135.9529933583163 136.64874889665046 137.05059429393884 137.52041998249118 137.9064933132584 138.30056301452848 138.54640564900288 138.72492009499314 139.13384410010968 139.67418860905258 140.51255944592853 141.27999994255583 141.9169829176428 142.33279259977834 142.34767285459566 142.29676437708957 142.2822521584547 142.42342372518345 142.88113560238514
122.49872587465292 123.01319761692447 123.83325089494456 125.02659876303692 125.99988201235519 126.77473863834265 127.40247629848325 127.6949260454103 127.89276723631978 128.679420381208 129.0907295810938 129.4025025920762 129.61992135623274 130.12087817970627 130.76290773916003 131.51135800190372 132.10151242893062 132.64755968125863 132.71284831710292 132.7864552101364 133.16647067460423 133.64710676602036 134.176345385152 134.82079724798743 135.57130445584056 136.1603887279651 136.57286676763505 136.84587449122046 137.14244407018097 137.512272668168 137.90047430452037 138.29194644444013 138.66391306015598 139.07609189266836 139.7163920247508 140.44318268275237 141.15118779072517 141.90219488141418 142.3170621001721 142.35511719316952 142.23094945296353 142.34178001979168 142.47112726853766 143.10623846824538
122.64358781291733 123.28324213177122 124.17812374610415 125.15992343757168 125.89687719047815 126.68406098365489 127.31570292339549 127.67270451322568 127.81610419946473 128.5614747264417 129.27304697398733 129.45413803463126 129.53468927762182 129.99342191343987 130.6781191470571 131.40897380851752 132.01490505488138 132.43579188587873 132.65765967152888 132.9185030558394 133.39083918803254 133.89208581688257 134.43075496153074 135.21083656499104 135.77410526469782 136.20600429368233 136.56870930052125 136.72868632006805 136.9225425300456 137.27200091662047 137.5908294134072 138.110512696888 138.36320431022463 138.9467179826869 139.47763350627167 140.30915193911076 140.93543807535 141.62171393867402 141.97222005361292 142.13115775760798 142.12800691467095 142.21962049413347 142.83924090285385 143.1580846010977
122.79489397913613 123.44032754161961 124.5408513927996 125.27128602151416 125.82650750168955 126.34358183795729 126.98858530596522 127.52010554008604 127.85553770122446 128.42154421974524 128.9376389475895 129.29214939464066 129.50836165604247 129.875108892629 130.6086700255079 131.31195324962422 131.88302890057506 132.39969855203796 132.74247263781356 133.14552191035077 133.74161898117498 134.29176907175713 134.8143407160963 135.45135960497933 136.03935132485122 136.4630058714654 136.66804811746437 136.7051982340706 136.87033513565885 137.2379614049733 137.5872523469821 137.83249774360254 138.16912035129525 138.63141078784622 139.16358540926612 140.0798449444386 140.59876794433555 141.21518355119292 141.52333927104735 141.6394224845018 141.8607031208969 142.34027182099499 142.86645846705707 143.31832632916817
122.93536884704213 123.65449070137596 124.63332729515592 125.37184581074361 125.7138829105383 125.98363975449254 126.51700923696393 127.08855315124586 127.71019878247019 128.299901216418 128.8135553616313 129.20085185871548 129.51587332719419 129.99306139147677 130.68327016020982 131.376503374769 131.93910051344136 132.53902006290068 132.90758539998373 133.46732536800178 134.07647631250768 134.53613332132306 135.00799376577328 135.60914544281346 136.25334288606953 136.75668058440593 136.80391427472574 136.76395558730434 136.8787379326596 137.12283839005474 137.4299426154246 137.6641325196118 137.92941032600046 138.37523346483923 138.97200857535077 139.61317603705595 140.2998800307948 140.6812286351337 141.12572718780095 141.29332392218555 141.3912785193943 142.18324953097206 142.90369688982818 143.4462742096301
123.09171227722693 123.66618667406583 124.53534943133369 125.3587876272037 125.68365366701872 125.7472188236051 126.1268260062416 126.7018988251388 127.33532733847188 128.25189464762957 128.66077760644112 129.13413420296322 129.5045964891631 130.13333516026412 130.96727112797464 131.43932458510974 132.03468108519348 132.4688725214329 133.11473598540218 133.60164089395758 134.2159896191915 134.7243148681965 135.11676789773895 135.59819618053456 136.20489911280623 136.73786696717994 136.80248561058846 136.74921327489383 136.9271882867182 137.06847382279346 137.32724189158898 137.53942301629849 137.91070099410027 138.30732238235416 138.78763025977614 139.23035636955342 139.90952311022946 140.40001759450033 140.8214678726002 141.01794103950826 141.43191204953476 141.9630410518343 142.7744177249469 143.5405010875273
123.07798284158736 123.61875810973274 124.24486847391515 125.19482489185155 125.65167901087774 125.72546778800896 125.97381865788243 126.5156970683795 127.35351668962855 128.0952806454001 128.54961016971941 129.09684252076565 129.51001495281747 130.18769954776442 130.8989042952246 131.52582436728872 132.1572998444614 132.62895644461142 133.09141415626172 133.78172753819317 134.31629704076792 134.79338681606117 135.23013046618107 135.46533716298535 135.9016978050254 136.40054340168058 136.61379365292592 136.79421774926118 136.9611890208545 137.12838576999394 137.267389993677 137.53642648281158 137.893812626305 138.19045349848324 138.61108898377861 139.0849145532468 139.612795656253 140.19660513543857 140.61225050502824 141.08073404280358 141.29472697036442 142.0236686312503 142.71310695431137 143.67326154347606
122.93308578909607 123.35097789214996 123.90270252038202 124.66687670149548 125.31643347439673 125.64371656847956 125.94855562723842 126.44546722228301 127.18754580399138 127.83536689274761 128.48649749967316 129.09418450749993 129.66761513883262 130.24578302514246 130.95400104001558 131.5927668356625 132.11265753693084 132.77129413627486 133.30445353390144 133.8603367660581 134.342243638044 134.84935209106055 135.26987879918005 135.36264229269923 135.67190619887845 136.22968066171308 136.63129278114423 136.94385468424022 137.12307479207442 137.1529484634808 137.29781432967366 137.48243872712106 137.9067621172086 138.22005123885327 138.55276935435322 139.0222668938286 139.5293254230424 139.98812905033466 140.5809645676775 141.129450371274 141.3522653552616 141.7310539134807 142.62346647749766 143.3928987751978
