idw.asc
NCOLS 251
NROWS 251
XLLCENTER 2.0
YLLCENTER 3.0
CELLSIZE 1.0
NODATA_VALUE -9999
[rows 0 to 19 of 251, columns 88 to 131 of 251]
79.29332109712682 78.84007215449856 77.80589509722694 76.52191685063697 74.44329752048775 74.27717082336517 74.20855935464019 74.20629984498865 73.07543701173573 73.08894978608363 70.51336566065906 70.11183828875788 69.6743625628206 68.10579214778375 65.24017890370392 59.52796 59.52796 59.52796 59.52796 59.52796 59.52796 59.52796 55.302593663662805 54.84487055910674 54.346181361341365 53.8176294441187 53.27025322812621 49.900375 49.900375 49.900375 49.900375 49.900375 49.122535288854166 48.88263027279177 48.58047725879065 47.258447416354834 46.97048423571492 46.72554839009924 46.520445858243306 46.353339700891276 46.22704796192757 45.71284875990705 45.69329425993727 45.66195848524968
79.32627893148631 78.78614646623011 78.23686615846862 76.93018770257325 75.75916634664931 74.69520934213723 73.98538172902954 74.04466932645978 73.07244283313273 73.09015384814082 70.5868196349841 70.1284992211729 69.62368805843963 69.07999605859983 67.27403527485501 59.52796 59.52796 59.52796 59.52796 59.52796 59.52796 59.52796 55.54008372010022 55.029457266489715 54.475057749389464 53.88825127989978 53.27829020008424 49.900375 49.900375 49.900375 49.900375 49.900375 49.36209482636052 49.03512461809028 48.06793926295177 47.2903337949604 46.96329054058316 46.69211066036394 46.466487388174 46.44807248162089 46.13025837762285 45.862981557851256 45.72444770451277 45.665064620716166
79.36624135876808 78.77759153403117 78.09632535242248 77.30658559521522 75.95014156985673 74.38335498601559 74.59273881635005 73.88966113462406 73.07581068912215 71.1087303155516 70.65268936891363 70.13744922409548 69.56154356619867 68.92816823893169 68.24962632887315 59.52796 59.52796 59.52796 59.52796 59.52796 59.52796 56.31876499999999 55.81216640660425 55.24787313514958 54.6426597564772 54.0082153648937 53.35253982514811 52.681134290849634 49.900375 49.900375 49.900375 49.900375 49.50187949999999 49.103384 47.7104585731655 47.37747596931777 47.08239922054506 46.86868628443047 46.666338338311164 46.46816282869712 46.249760067581725 45.91542 45.95762886420938 45.95544870558083
79.48063553441557 78.8104229906722 78.02951022040233 76.63539250133294 75.46325200391686 72.7551 74.27584873729369 74.76905597369219 73.73808628967862 71.20176744378374 70.70559686297909 70.1382218574307 69.49251408647014 68.76438877196827 67.9576663418622 63.46810028514915 59.52796 59.52796 59.52796 59.52796 59.52796 59.52796 56.1030858662145 55.487282111990325 54.84093409938344 54.175453362439356 53.498642250018165 52.81703399629805 49.900375 49.900375 49.900375 49.900375 49.36209482636052 48.876889346510666 47.68106550973326 47.31988115094709 47.07150819267636 46.85747945252205 46.66171975424795 46.47356066985361 46.292199382864716 45.963387016316005 45.92208188700655 45.889316574614476
79.60291818179266 78.89070289335255 78.06635453853504 76.67831997787647 75.6466006012831 74.95224176385022 74.41066565284464 74.76424005486689 74.43216111348758 72.12999486098252 70.74372381143459 70.1334769467681 69.42637794063415 68.60885145742816 67.66915673208379 63.22756440174133 59.52796 59.52796 59.52796 59.52796 59.52796 59.78555632894276 57.13769067649352 55.72451919566081 55.052275152518376 54.37605984748161 53.703815804339186 53.04504882686342 49.900375 49.900375 49.900375 49.900375 48.94570511654392 48.71347464203149 47.51675661190434 47.26574132543221 47.04902384406486 46.85601100424605 46.67627167574723 46.50327270003218 46.33786390482133 45.9538260840303 45.841689536718846 45.75287911192582
80.19719878519042 79.01381628367375 78.1994783694086 76.85513603593884 75.72749539532418 73.333336 74.90933229477338 74.82460555391505 74.54378556383837 72.20076138007359 71.77211576112256 70.12837980942166 69.37668354664845 68.49173764935294 67.4436775919559 64.96421526513393 59.52796 59.65001126885215 59.62251952182602 59.65558881584156 59.707819373037374 59.752391643647655 57.95685204059319 57.63209467389216 57.27269151024047 56.865531902717095 55.39906659573933 53.3252491337855 49.900375 49.900375 49.900375 49.455589923076914 48.71360916770088 47.904547936552 47.40488883153509 47.21032266445352 47.031990237464015 46.86659960562841 46.70701240499768 46.54564528196434 46.374412972670754 45.9550928982455 45.766888866864065 45.358963
80.36553076577191 79.71372718904175 78.41164831364881 77.17198644601534 76.25839388461648 75.58106478623255 75.21331308480322 74.90227281058434 73.39217383050735 72.27367459040846 71.83014989841745 70.12722660343118 69.35544656770278 68.44299303206952 67.35097521960711 62.471133679566066 59.69017780215043 59.627201350972655 59.52796 59.63401175722854 59.708423667791024 59.761070684423984 58.12495083716513 57.83300709312955 57.51202034301709 57.1513219611527 56.7468811110044 56.30344166753765 54.74289175 49.900375 49.900375 49.326486446471876 49.299550323511426 47.773530408293524 47.3146781504599 47.16786864108579 47.0277957576668 46.89344098906757 46.75840368207789 46.613081597255565 46.445166322345315 46.02206003522235 45.81890905671514 45.48788
80.57525804138379 79.92988981955742 78.91145772099225 77.52972884329446 76.73622871381188 76.01022882070623 75.55038040667375 74.85660409784215 74.66357400978232 72.34741600532394 71.89288191217967 71.33773997577161 69.3663114860319 68.47518062671041 66.3919692644566 62.10850549307169 59.714676390930336 59.66932031399553 59.6409861060309 59.68025624032563 59.73904881325269 59.78626162934555 59.820057468938714 58.02898194935689 57.97942387516505 57.437575562637846 57.08737530692838 56.709445956779575 54.923941640897816 53.19515614363573 50.19840717899241 50.1537539026724 49.5388334627109 48.86858281236354 47.92675514483598 47.77396770604772 47.61651719304569 46.94056273506802 46.83660271772038 46.71728457365339 46.411546429271255 46.27071916584502 46.09703502702173 45.971263370900424
80.7959380538276 80.13152291072532 79.18461813478952 77.85355488077222 77.05263056057873 75.98616932785866 73.333336 74.75288647105575 74.74694941685073 72.4097926270617 71.9533373028963 71.40975494898522 69.4019991705746 67.33539255698275 64.50592501509588 62.22966724214898 61.69902866780348 59.737377849551365 59.73213300037962 59.754393128184894 59.71802425281437 59.73749180255866 59.74920683082562 58.382746847476994 58.193104826631085 57.97373324786922 57.04994773603422 56.7624150837094 55.96719642899051 54.983825350803905 52.1916721802621 50.2354233024003 49.56452489466396 48.906793176498645 47.97347148581341 47.83142786392134 47.687141376199065 47.54657058576816 47.423321560287995 46.91777613325714 46.60712548253871 46.49091612654843 46.36276789839024 46.41407116033721
80.93791215540209 80.0320276166959 79.38049286056446 78.75923327975939 77.44917335181944 76.60822226950519 75.51186072592276 75.37746044466303 74.94583777482029 73.39598146788262 72.0051661268209 71.4871910737334 69.4490532258035 67.33108750600148 64.52821042453958 62.34352685987517 59.80626275979636 59.80174587116135 59.7315437384912 59.744410145868734 59.75980154928385 59.77120681285322 59.77548790660785 59.77329231971933 58.40592750641927 57.52521607394581 57.25699159734053 56.97677163118677 56.25425500819073 55.97922438818942 53.53764031019544 50.34234261180481 49.627623086630834 49.499353098383196 48.053400882258465 48.29518490813365 47.77298862097674 47.642343095941875 47.54036679032825 47.37433816084931 46.95407939104979 46.853530275454325 46.74978807555424 46.8165682207422
81.1474887962204 79.98319923176417 79.41404537260897 79.0092840570454 77.87507153956061 77.30401239424575 76.39948266186794 75.20759308773323 75.22088278009616 72.47417408014351 72.04814901672486 71.5644596629596 68.01174429858776 65.20618290307456 62.91364855265857 62.41053039508717 59.851498771313274 59.76411207167084 59.77615630732703 60.44427416895668 59.803935208179425 59.809389740938855 59.8052178542287 59.79400997613686 58.91551858258615 57.7206222325232 57.44386804982043 57.15479140295837 56.48132909221099 56.187761899202755 54.696628213519496 53.4892780811655 50.109582708829365 49.97932796019484 49.273390219433175 48.42361894147651 48.19924258722273 48.083143166813 47.85362282040143 47.82104427669851 47.59569390268409 47.1458708088732 47.070234449815835 47.01041519130761
81.14138570418012 80.3604619610037 78.888885 79.16331569380947 78.18873483650277 77.76769391341197 76.58754073337687 75.57087956308686 75.48595747911284 74.49225053212056 72.08495902716592 71.63823564262532 68.99345370469324 65.10469686207585 62.89645344571387 62.90857085371428 60.63728354882461 60.593115874587 60.54962634781565 60.50691474765608 60.46504276045906 60.42711909074328 60.40151904807847 60.39623138591173 58.98127044277754 58.798803827337366 58.59021611151396 56.78972194192033 56.47666364826357 54.90315558577714 54.58200106651514 52.9350260265946 51.905826630209745 50.81873782631578 50.60013453557226 49.41936687666429 48.539751639206386 48.253803128426554 48.09719891335496 47.972973 47.810215164458704 47.162163 47.3132086476788 47.304899114158275
81.73548663853106 80.64351810175401 80.11885948947223 79.35320371424615 78.37344027018356 77.22896388550438 76.92084045880341 75.8312896558007 75.70384998407205 74.61547747833086 71.99604864495913 71.50535219223399 66.85499538068129 63.73116741153062 63.315702653341724 62.940577145274574 60.73166832450475 60.680669213953735 60.62056943250222 60.551725018868396 60.47748813403639 60.40437816947204 60.35067910541788 59.7742772954654 59.64779014127669 59.12485177161806 58.22830189739173 57.75366673280584 56.77936144253201 56.43126552369385 55.14617952302258 53.68208071338192 52.33290349039132 51.173362703227546 50.810171251651816 49.73825991518537 49.17589636376614 48.91832716123634 48.33839243174443 48.293739355405094 48.04169497074115 47.82783023571567 47.702354105625815 47.51251043602551
82.01977771626369 81.50054861413345 81.0934039498995 79.98878944384792 79.76918302826716 77.39030169809908 77.69933565765443 76.52635800806875 76.3997953360644 75.14741083830938 75.09034330442239 71.57692339323992 65.0728351780167 63.68467026640359 63.31353270597482 60.876252132142454 60.8340010188367 60.77504202753698 60.6957825531541 60.59592442390159 60.48369312300598 60.36527176536834 60.22658935893611 59.80598957226853 59.376061031567154 59.14466860809388 58.82427102659567 57.12728566323209 56.881257348789774 56.29760993266741 55.07071879589165 54.09219304480851 52.49147329959419 52.03027845081457 51.04739982745201 50.285878755661905 49.73820013626776 49.25478215414549 49.02344668874473 48.53515845398738 48.41774977761923 48.339243842719384 48.04641770192602 48.046453385269295
83.18436321995291 81.95751945251544 81.56475703314894 81.27222064831435 78.28463909627672 78.06297551439074 76.83860964062077 76.66949988547054 75.3405674954284 75.24340650920726 75.8761073918536 69.92921078848879 63.99415954437535 63.64816014851407 63.32181792572479 60.99366156697497 60.95667180143673 60.894578542349066 60.799600217904306 60.66876534477303 60.51552842590915 60.5 59.642857 59.61530094834434 59.34260861236655 59.07253109464432 58.7837194312016 57.903535403279044 56.81171717048392 56.37388142681382 55.25758244454906 54.83808242321566 53.337306879220314 52.14884517775542 51.10766903083179 50.4834554933498 50.215368968706414 49.699400262507226 49.47197891461688 49.082574675364455 48.641049077519185 48.48269254351783 48.20632755111177 48.16322765666213
83.54719839407652 83.11232948383625 82.75959944231451 82.25897525477656 79.16505027391268 78.15157851499609 77.73878339985856 77.61146646272817 76.1243382975759 76.03200403146877 75.96704604380358 72.52920842312594 66.40690960817545 64.48906546200914 61.50303076013857 61.13355239405193 61.11274781906215 61.060699884588736 60.96372400210604 60.815207720511125 60.63010922871845 60.44648319418561 60.19535838016084 59.54168008747856 59.31541665385896 59.06990794880339 58.29651982510083 57.876870837824974 56.747020581536404 56.24870665066937 55.13359535221235 54.17818061649851 52.87431599826959 52.69929190857026 51.63378982596724 50.68177892409508 50.405053560354006 50.14862728006303 49.91459761655533 49.4844128847197 49.005351861684794 48.79362542263499 48.47779170829278 48.23093212226949
83.86635258826018 83.31780967608388 82.93576335579344 82.6311174708764 79.23670664278521 77.92900875311187 77.80605541883192 76.29304685755302 76.18653203606718 76.10166217810368 72.70445183680854 69.34082420546466 66.24556045871033 62.15064186974149 62.15284096592768 61.591167753097935 61.57533680522842 61.52255317339107 61.2229213367473 61.22166263775018 60.97850039139072 60.588063141066975 59.714301540116416 59.48590730587561 59.28091666859949 59.072356894908715 58.30826031088671 57.85574015465371 57.35953694651511 56.17777841363145 55.56523734934338 53.710274412347 52.820515 52.79889429909405 51.58276592354301 51.27081878340802 50.58257702085423 50.31929002568889 50.07613809043629 49.85731851587453 49.656300861606866 49.07610935101189 48.90040729246678 48.38327153733711
85.49672745925876 85.1365481603818 83.25198805318202 82.94485420166235 78.06183894624637 77.95501209361066 76.41763830719488 76.31618463887264 76.22631170490354 76.15080109463227 72.47228386444768 65.55556 63.30432427085766 62.285327101012896 61.73070521608601 61.78073114544718 61.828658416547 61.856365765418225 61.82347690840877 61.674815494582205 61.166631287812244 60.8557573192303 60.1822785935121 59.45762633964574 59.23077 59.0801804910494 58.30201216506364 57.831901203665424 57.333014611990464 56.1783994280753 55.64234217137526 54.1632034053074 53.33171632703358 52.891322711018375 52.25296735554147 51.42250397515018 51.14148229682128 50.47305421722893 50.21027202093264 49.97756389499694 49.76044899802699 49.17737745456707 48.844482606885215 48.68568243149364
85.76918665472482 85.4207505935451 85.34766535801748 83.87565547812974 84.51429082895079 78.888885 76.40911372248507 78.888885 78.888885 78.888885 65.55556 65.55556 63.406858863093504 62.417676392702276 62.499752047851345 61.981326980373936 62.11708230926791 62.28041554651836 62.42306024901606 62.38210391687052 61.72462351502752 61.23613050462025 60.36339974066111 59.52726039861862 59.275678809904235 59.04464143903978 58.247285139895396 57.85848172600782 57.416123976832566 56.394312590584 55.705314276156265 54.79108119479914 53.911172210188944 53.365134648595046 52.29967458787175 51.871842424351364 51.30600115259224 50.60836392388265 50.53985378284958 50.07999063610263 49.747636463128956 49.29432589636039 48.96100085416768 48.688118
89.60056768618841 88.03068206083138 86.69790227914447 85.17779153853812 78.888885 78.888885 78.888885 78.888885 78.888885 -9999 65.55556 65.55556 65.55556 63.57371563839716 62.65272072888034 62.16112805333717 62.388448376591654 62.72786571772188 63.216316214182335 63.21578179650913 62.53881179060532 61.69541799383726 60.597278522101035 59.62481592550598 59.298303759176605 58.56102963022209 58.214980424180574 57.838631896277604 57.42992235305456 56.449142515889804 55.55356901314543 55.0395378261617 54.51537667979489 53.539785692081715 52.66260125473857 52.02381 51.84674116672065 51.54570382490286 50.62554927134938 50.37517557957289 50.160836362170016 49.65366093817234 49.29076685836175 49.133663
