idw.asc
NCOLS 251
NROWS 251
XLLCENTER 2.0
YLLCENTER 3.0
CELLSIZE 1.0
NODATA_VALUE -9999
[rows 100 to 119 of 251, columns 176 to 219 of 251]
82.57595933015321 83.75108753899922 83.72494092809757 85.90645182524328 85.5 85.5 85.5 85.5 81.59639959757143 81.69743033176958 81.25418879465099 81.29950925215094 81.28352364612795 81.17227695436665 80.95938740759391 81.8796390395705 80.44585689659947 80.27959269906695 80.16596431184176 80.1181328779115 80.14029898492923 80.20283421884209 80.27535405914227 79.94837612632229 80.0355126105346 80.42364483901132 80.41272226172538 80.39802278594948 80.38415225162001 82.36623433620355 82.73546101704451 83.1178924710063 83.50461738682904 83.28683754500818 85.81446930846447 85.64977846706374 85.4179298128852 85.1012970155635 84.68557116047064 84.16439375636575 83.5455761800506 82.87755099014788 82.49723800183413 82.00987510852006
85.77487723606922 85.90773363109199 86.04281660137255 86.16876179226144 88.08659740900694 87.9316495264347 87.75123572914237 87.54829383481365 85.5 82.14418155026598 81.72221093221714 83.57737515695536 83.56129748137695 83.46650943935802 83.26110509632127 82.42652261479209 82.12804146819278 81.84785364765692 81.61468577088328 81.45284219866615 80.29256217703602 80.2983960125466 80.3224148309614 79.82032897858247 80.37588210565642 80.388060441589 80.38747790565458 80.38089899289228 80.37241320855222 82.57059656943623 82.94995706017815 83.35305211486192 85.34990757218317 84.95425088984075 86.10820012434652 85.98768701606149 85.79896026496515 85.51981733724193 85.13577932577253 84.65114857149096 84.90227925820363 83.56819383163452 83.30234492881684 83.21629777451706
86.0722987310157 86.2024131924041 86.33302297608586 88.67931975442237 88.1970543709516 88.02778 87.8258827130374 87.59408151739092 87.33715201294811 88.24417928648562 83.96998168695345 84.07054134472818 84.16091000070007 84.15305022111629 83.95970608312942 83.0035615101218 82.65224233785531 82.33997313920293 82.08078561349373 81.88050632782985 81.73440657005446 81.62688557484076 80.38623924618611 80.32101264166201 80.34655678281841 80.36032660503099 80.364890100247 80.36373040898147 81.95232658461344 82.80542222974726 83.1931282029382 85.20370714879185 85.66865871039377 85.27866029453678 86.44278843210395 86.38670564547225 87.0707621006121 86.85433155748444 86.53849998309828 86.1258109020293 85.65251128364737 85.12976764083233 84.81855904243133 84.68448325403546
86.36516993507055 86.50660450983725 88.67883357287891 88.80556 87.83199781211724 88.15664522874252 87.93402974044614 87.67403512557743 88.52691477509029 88.24417928648563 87.88863775640533 85.79175157461498 84.71448316397795 84.84543644519879 84.60862738554702 84.24488702321966 83.15935181782157 82.82225243377295 82.5383813013767 82.30349872584787 82.11390432663825 82.7876110417375 82.62155213241707 80.30548538516862 80.32618642923933 80.33945203799793 80.3462210323145 80.34824756253876 82.70921718172369 83.05375324176529 85.0559385431726 85.52631193914789 85.99673537485992 87.91755542092525 87.60339315166074 87.58780609853419 87.53123758403545 87.3960718927092 87.1514212595136 86.8075071452115 86.41187803648369 85.87295569963493 85.58392218958986 85.4038276458082
89.87263805263638 90.0552283049945 90.18796265620301 89.28353222225991 88.51669139911203 88.32343703490608 88.0815869222736 88.85020299745116 88.6152265611472 88.32058394663875 87.93828795648969 86.49472404471568 85.77649040671042 85.5 85.75875716370687 85.8568445053676 84.85333140274523 85.66465338187108 83.9737856886191 83.67930007165819 83.41270450199963 83.18187639845407 82.989990735205 82.83881166468746 80.31186350093843 80.32385732701191 80.33128586020402 80.33500072105436 82.95512431673484 83.2986005217152 85.37627882876971 85.8405770037641 86.31412625816637 90.4530531592688 88.89340246444463 87.9703600353394 88.0104590570855 87.96947782698918 87.77917983087647 87.47387413905703 87.12463458352205 86.54026604599709 86.24614927173877 86.35811366863592
90.07278958052812 90.22873246447442 90.33702964984295 90.40997727733783 90.05874087527532 89.83866719099356 88.27074507709524 88.98324170329386 88.75835137618836 88.4850391848892 88.14279163446136 87.70160325008572 87.03102938884344 87.40836969710301 87.90325218335863 88.52930972957293 88.92202018046333 87.37842890368914 87.23400384048159 87.03568314174514 86.81400335943007 85.31380173495735 83.35167908442043 82.7227436481347 80.30160136542506 80.31215155861346 80.31947550109709 80.55556 83.18476253657053 85.2443959993451 85.6737395857533 86.1291779415852 90.52961085164704 90.45357156487094 89.08206945158871 88.31754151959674 88.4636306730176 88.54795455043775 88.3639894663861 88.07222483650544 87.76148360650872 87.1354124944262 87.08532260961375 86.87246764656577
90.3009558260649 90.41872897149676 90.4934727801558 90.53847992421797 90.21128641802827 90.00072933795954 90.17761880374721 89.14486302918175 88.94347085126805 88.71790613388158 89.68664712480557 90.20735837813297 89.86908311999389 88.73425721576788 88.97893025970228 89.34068123161273 89.62107010292593 89.78389936829308 87.90937514109325 87.70457002263223 87.47165284290986 87.2324409479597 87.00373278012765 85.42458027419978 82.90713619768309 80.30327128244232 80.55556 83.11042451789578 83.38890771494346 85.52288867344294 85.9366985317107 90.05646956814073 90.55796433598333 90.48510015123755 90.37626343379357 89.28597932129288 88.7813400199811 89.09091 88.79021949423742 88.57869214395164 88.00101408244663 87.83976200727052 87.5686610886063 87.32244367632521
90.5431152397053 90.61079876973153 90.6416611154901 90.65339144759763 90.36251048123941 90.16732108603708 90.30981304956309 90.12600807879701 89.14654494272901 90.24674805737529 90.97426326590511 90.84406312583997 90.76316402049277 90.84702746532393 91.08484280655031 90.20743139379218 90.37522694409606 90.46201715482275 90.48726083311739 90.46972090068006 88.12521641754446 87.85978469301448 87.60270838052904 87.64184963581796 87.14432279068423 80.55556 80.55556 80.55556 83.56216109654649 90.11311446874986 90.10242774159518 90.64707123405071 90.60603008636807 90.55012961119736 90.47046440193483 90.35131912738836 89.517553476195 89.10787812471901 89.17088350571132 89.08486629380445 88.86415728166232 88.3063469170632 88.0092256871142 87.72646031648397
90.79092253316892 90.79048480780287 90.75931180169037 91.34891373506707 90.49483433849801 90.32225744631108 90.43509713891993 90.27700767793122 90.57762556090972 91.38923107018113 91.37657410915438 91.37781300873056 91.4259391466861 91.65695340202062 91.83619344431044 92.0309225913867 92.22553863293618 92.42388356930313 92.60222907452284 91.0436355817798 92.83926296255025 92.90264691608458 92.94061593965155 94.95406851298824 89.40136491717155 96.5 -9999 -9999 89.09091 90.13524157001224 90.13062827292981 90.69348117598454 90.66800457236786 90.63729185985726 90.60215642953233 90.5702901207575 90.57411839521603 90.69027083238977 90.3497293222504 89.70176517901312 89.42059064405748 88.76506147621454 88.42430196109555 87.53411774196437
91.05369524680209 90.9552763615178 90.82034324342709 91.0562957642319 91.15858286322005 90.44912769550729 90.5448834216044 90.41224843688424 91.23673435521353 91.65902803610587 91.72626660593193 91.80907129649044 91.92038170745172 92.21066042124728 92.3025879369764 92.37007936904304 92.56212353723474 92.79863400527952 92.97767905692055 93.08806972491828 93.1443760995875 93.16465690100986 94.97487613474195 95.0078118367871 95.02913627136127 96.5 -9999 -9999 90.15762921690401 90.15800441232943 90.15952344424352 90.74410532631467 90.73485322611063 90.7287055025797 90.73175511922688 90.75810794724023 90.83624905498563 91.00519941802594 91.28205 91.19563234987672 91.1483414767024 90.54151815517123 89.48471666552419 89.12205797381621
91.37377564686923 91.14806629188512 91.19137030990541 90.55556 91.04353371893592 90.72361157564177 90.63958492836966 91.38076834257103 92.06059988059185 91.90201093496457 92.02739944357604 92.16397708579008 92.3102380573374 92.4392021609529 92.57090923781394 92.06897 92.80190792553955 93.19297627285913 93.38908208135894 93.4624160081266 93.46556289895418 93.43386841891783 95.05381385559002 95.07140889045395 95.0809547812409 95.08586262043303 96.5 -9999 89.09091 90.17971696451406 90.18647999999999 90.79400947517001 90.79851429877601 90.81094674327514 90.83782781003474 90.88961984617521 90.97884302165829 91.10656653844367 91.23899665429083 91.42570629220569 91.51366260244897 90.89261511559177 90.4856371245251 90.11844056930126
92.85496496097855 92.02728445438717 91.49465447455879 91.16470513590521 92.41011376979782 91.42623740651351 90.72744099708355 91.51063321105606 92.22527229848718 92.1215271759037 92.29024657919095 92.46972344276192 92.65433899685699 93.03622640309561 93.05632091289472 93.06718222494317 93.42361482259112 93.75919635132065 93.88810954022443 93.87539295506221 93.79793483511747 95.14067896148099 95.14360543301494 95.14098708080493 95.13613739868907 96.5 96.5 -9999 -9999 90.19907442278863 90.83125330139484 90.83959862170556 90.85412559299768 90.87836115607709 90.91742272812006 90.97776243198312 91.06532558726443 91.18379055196456 91.35152660784101 91.66097836761779 92.30769 91.5881172608277 90.6051561507383 90.20137911664526
94.59653146914056 94.46477989496003 94.14735250621986 93.08574942890738 93.22209546478142 93.57555088293361 93.64071918687921 93.14186809767409 93.59511970794584 92.31984511322345 92.52104502547337 92.73974637887703 92.97708645017465 93.49686085894612 93.71665858984161 94.00395634398971 94.33715649569791 94.52031594481693 94.477442658355 94.3095485625437 95.30169090912014 95.26526686655546 95.23506442324955 95.21061476707703 95.19076258421448 96.5 96.5 103.21429 -9999 90.21533078309596 90.22814409375971 90.87890836028032 90.89981270461651 90.93038744717887 90.97429758727998 91.03574189641388 91.11915441446514 91.23092621176218 91.38624533368287 91.44758248686412 91.61623462407239 91.4586358776921 90.55575363462769 90.28024760608722
94.68590826838658 94.89816498053236 94.87543332825445 94.85018430955314 93.9778112129058 94.20229622507912 94.05481804449494 94.55958951600256 94.93520813212368 93.90655794276913 93.95442963576481 92.96947621640886 93.25829429572076 93.91226227998553 94.3018989427952 94.82711243950655 95.29707622696364 95.37543770355919 95.7486426055098 95.5801661259334 95.45939347727948 95.37610490122913 95.3170043851867 96.81106261772952 97.00533187279979 98.62365158626757 99.857145 103.21429 103.21429 97.44506950316199 94.53892955092616 93.73429781203181 90.9355826335574 90.9685809431552 91.01275858173493 91.0707539243923 91.14523529977902 91.23895840771493 91.35285039859964 91.47271867416667 92.15902096136597 91.25991058086915 91.11987002756366 90.24101426379428
95.52822265025688 95.41298046876977 95.52180269565117 95.5959561912986 95.70715997046702 94.85544945680451 94.81587372429064 95.11489550805442 95.18450663899203 95.4280573302504 95.42808728238235 95.423970957157 94.51769286064524 94.19465661803203 95.50110266938711 95.86699571428571 96.5 96.5 95.97870235294118 95.72453711184053 95.56422720131769 96.58270329737961 96.77167984493204 96.97882493526434 97.19063023463913 98.77833038569793 98.98490377783067 100.23016111111113 103.21429 103.21429 97.54351521932179 94.1036762405312 93.80371505033207 93.51703560519871 91.03681305429483 91.08858517025305 92.65670329285904 92.655276656422 92.66475878932414 92.686560394397 92.33051769745212 92.32104408577207 92.29064517233772 92.0627418908824
96.31011057816113 96.06551554373878 96.18949467684239 96.30109830243079 96.41335095112544 95.54636004479718 95.67442104912692 95.2886010163568 95.46058878813413 95.69229939312432 95.65192778915093 95.62303120028207 96.31393042107862 95.39473844282347 95.59437789677985 95.8456452289611 96.04340793670167 96.57636402239774 95.92683322715818 95.74749973491224 96.56440768921057 96.73836306523567 96.94758672642 97.17764045906924 98.72205832570745 98.98039840018426 100.2702328012022 103.21429 103.21429 103.21429 98.05566131316344 96.02452362497341 95.6236381791845 93.87682520793273 94.72485390782676 92.95476332055463 92.9656697798119 92.9816528141543 93.00327684322689 93.03202348441768 92.5809394326342 92.56111502403478 93.06081425533301 92.64977991628898
97.05950920734423 96.78754650766055 96.89965273738437 98.46028992957696 97.13014391006703 97.20536375554687 96.36429912120951 95.71906303833632 95.76282219020081 95.97314564844635 95.88135662818938 95.81427176159394 96.50738199102234 96.88042742496225 96.83227433863489 96.7965250613245 96.78497378448085 96.81462827435149 96.89251185085551 97.63951104973432 97.91027019479597 98.18651237362374 97.15320809657888 97.41360470948757 98.95501177541792 99.23722027082883 100.54531782066293 103.21429 103.97189501975245 103.21429 103.21429 98.18555816495189 96.06008018862197 96.6607603498572 96.387325781825 96.14245250860196 94.31886472903813 93.35772267751278 94.32422114675728 94.33940447650872 93.53718746367826 93.48305683009764 93.03412128484703 93.82798616237753
98.88799927047974 98.90773895180513 99.06853315087723 99.2405696753715 99.38035740881772 99.46551236911678 99.14681356564691 98.72128193117052 96.09056821798002 96.26675068003975 96.11496393520562 98.30076347749974 98.100803770194 97.92274306903505 97.1668814023093 97.14049793686704 97.1368146919776 97.16902810283003 97.23919407588687 98.05546428861896 98.29127034305304 99.62226447834979 98.79510630629376 100.27148573869147 100.40618173381382 100.71708669416313 102.01796602133079 103.92686385703536 103.93872661616544 103.96128534754929 103.99034279369442 104.02147267419389 98.82994738451647 97.06483313801905 96.80359832257948 96.58304456486775 94.74627608447071 94.79817046576602 96.26143453429953 95.8440038574504 95.89913652604922 94.93675253701018 94.87268016929266 94.21239389002066
99.52757079545823 99.62582678547321 99.82231941861085 100.01635490358548 100.14925113692955 100.17855286101694 99.88842926510114 99.2912206112034 99.5060196563297 98.22819585874721 98.84495152060484 98.64479187165387 98.4751191977016 98.33333958689664 97.57612972985555 97.57808308654938 97.59401801622985 98.78706568968616 99.38923572873387 99.61000042682706 99.85585528672196 100.10573611695015 101.97511055013649 102.20727068528198 102.40382822563976 102.0358859855426 102.27127383955857 103.87854375474423 103.8955504899872 103.92897439108486 103.97039299504064 104.01221676972754 102.96280050040491 100.5339427444846 99.2177033276516 97.99871031107443 97.8784458339487 97.34679429406367 97.38654902402567 97.4239691250472 97.45271194549603 96.44890993661775 96.68839889319689 95.71291461982621
100.06563327785517 100.28641689275604 100.52308236234313 100.78631930241329 100.94500511246518 100.89696067734279 100.59813650768126 100.38809634860957 102.73376610798483 102.05518319292025 101.80413301494725 98.9935382482756 98.86480026927961 98.77197454287855 98.06335985234111 99.34909160266744 99.42103828876935 99.51844943524304 100.06939124894991 100.24200260580943 101.53721753654729 102.16545060534821 102.36153206578926 102.5372649925294 102.68917249525347 103.65947777403929 104.49980549635566 104.43628980517538 103.83761073506624 103.89074756590239 103.95182514874952 103.11820620510616 102.89955660089221 102.77756853260945 100.89201664193669 100.69049799177652 99.71604450018921 99.01418369107438 97.90405072345305 99.04758386246243 99.06907378779803 99.05583308509804 98.23177051819003 96.9228810318171
