idw.asc
NCOLS 250
NROWS 250
XLLCORNER 2.0
YLLCORNER 3.0
CELLSIZE 1.0
NODATA_VALUE -9999
[rows 209 to 227 of 250, columns 88 to 131 of 250]
111.40949375552138 111.74610951791355 111.73334176502762 111.74867783694457 111.9543494702608 112.1662791177485 112.69798770831342 113.14398115366424 113.59024369356237 114.03548212267859 114.54069760420687 115.02608016939115 115.31445719651661 115.37061998408234 115.27117909952437 115.20949786194271 115.28476850650425 115.39254264627769 115.8054380535675 116.18769008859994 116.62823497569372 116.82380575335097 116.98706582455803 117.16196829076074 117.38858003279681 117.68661339038471 118.18227224802915 119.02745937425617 119.24496042759954 119.31592395137041 119.31633963800748 119.3795052249823 119.8838602856215 120.268704420742 120.72514836493932 120.83877374592555 121.18527935151113 121.43667467072132 121.67920583464551 121.91208649514958 122.12788008289309 122.54361938819342 122.66964727951049 122.90663191687295
111.19811901465226 111.57562448476494 111.70438491783477 111.74984236096932 111.84432510536905 111.93611359559492 112.30414069394988 112.67695507960244 113.271611228512 113.4508623355127 113.81932351077346 114.08577280015317 114.2817483923714 114.49920845072594 114.60323348534956 114.63867791557476 114.71034999783056 114.7637522579392 115.05959775749892 115.38681937305108 115.62743121564382 115.86489254822524 116.09882226019405 116.66220022614975 116.74108962513743 117.13881436744737 117.60017985365948 118.50425025280894 119.03489646577401 119.0039003548181 118.94980474700431 118.949826168618 119.22654553637388 119.4682280373731 119.61847345393308 119.78459314495346 120.33945526662946 120.53685693015903 120.73751961303654 121.38124581912649 121.54421262578394 121.68778944787029 121.80298031045716 121.8794425572278
110.69505041896784 111.19626445107811 111.47668233646748 111.53821948549229 111.52589430411065 111.61305001779775 112.0069633588325 112.27719402640236 112.56178733960333 113.05545486629131 113.23618341654036 113.21225715282678 113.34133452578683 113.71215977282047 114.0490598720952 114.24400662555865 114.36860239815175 114.40343136208048 114.54249607125567 114.77982041935998 115.00243061374671 115.26119064258971 115.54310698959247 115.61729803863669 116.33908584623818 116.79258215481414 117.30735799157716 117.99672453473003 118.46696782843888 118.74103631395836 118.88450788900762 118.91388477092143 118.9990873551095 119.24120889425892 119.2862011492714 119.37362302384986 119.60086880859657 120.01706598473432 120.15064169670194 120.2884978187421 120.42673478657854 120.55624515563129 121.03080363413078 121.06443212596238
110.09620866366797 110.27591661939452 110.42057901169342 110.60259524363337 110.74760570577624 110.82170666089485 110.90496062269456 111.51051123133387 112.2290951680541 112.55887732759808 112.80081596736416 112.72117788920103 112.77544270037288 113.21660351650088 113.71000037771647 114.08087635249504 114.35407721149541 114.35562726382429 114.19505033446981 114.26024441505467 114.35838838697865 114.57041001733123 114.83830535060987 115.16325592656895 115.55915437497421 116.04004744599388 116.96255201640977 117.38762131548518 118.18961275434955 118.52410884050867 118.70098145359083 118.7982424670399 118.91555533034085 119.03465727621514 118.97175054997514 118.95615790212227 118.93574399085725 119.13902539246335 119.17427951275465 119.57881182455998 119.64698539556571 119.71389937199126 119.76964320740247 120.15464009236725
109.6651109955637 109.72493997487629 109.76003767739581 109.68970059392576 109.56599535839678 109.78229796029551 110.18351067315811 110.78783023698429 111.56643118123293 112.11940634674656 112.54929567463088 112.67862441786319 112.70729172518918 112.98308127492703 113.40787978063706 113.85051526487398 114.25512520964388 114.21089840063713 113.82794087912008 113.73187168587995 113.98308916874458 114.16852956765726 114.41684642151503 114.7325597756387 115.12505120595657 115.36929727671978 115.88239399147572 116.89025697550335 117.4394847240004 118.11447294418606 118.19581400335719 118.08501643264363 118.66637052299993 118.68938290887091 118.5917815145199 117.97607077840509 117.8308021765672 117.97994279179014 117.94473192745097 117.94161007938852 118.32426035478983 118.36677791093055 118.41517456861915 118.83758810266342
109.02894393132999 109.03613138125624 109.01221162744876 108.80635830834993 108.60550260361292 108.67624408341824 109.20706577343576 110.17912819470774 111.11472817870971 111.86123851271572 112.29497548106441 112.52067320015273 112.72033130202077 112.88825571906723 113.16839755962752 113.48194710755598 113.67726121066706 113.47225153067882 113.4067538021032 113.45395801385514 113.6667185399686 113.81299998234064 114.0247798816192 114.31351094585285 114.4933843853813 114.89049028459624 115.20273042712654 115.8652674824775 116.80130064485024 117.0538742346937 117.37397975058548 117.37909907433256 117.1132459591482 117.78276171878505 117.55728429356596 117.33898581866946 117.1482759067834 117.2700768468964 117.18210312598619 117.12530743825093 117.09963963965299 117.10661804194002 117.14519955319183 117.51533104933183
108.60005708532643 108.60111221155252 108.58834927305452 108.32296875339986 108.00469123973708 108.04624773621879 108.62645050361692 109.47116419716 110.51824475633717 111.43799208188375 111.72734449122993 112.01690479958594 112.17237030637315 112.30022822851762 112.65952775054227 112.91463629193008 113.15004151681423 113.30042561859133 113.31719668967025 113.24933405777907 113.24881205478749 113.46043890227516 113.62935211599566 113.74454565308805 114.03662964572797 114.20448637620792 114.57906086187835 115.1752404979263 116.10049458153551 116.11406580141477 116.60078935709403 115.96695334076954 115.8350301684793 116.37638971082966 116.45470271178829 116.62074419357675 116.41324712408188 116.23591682390321 116.40174978410846 116.30547313825525 116.24159263350667 116.22316609557075 116.2644666580453 116.03429549384565
107.89220090087004 108.15230705669674 108.28443879182139 108.17141209233236 107.95026430586358 107.9672395905876 108.30184726104375 108.90678598778558 109.50066208560445 110.34160812538357 110.95528594366218 111.24119291493417 111.6346401613508 111.74992579855254 111.9044761779643 112.28497429729299 112.57387651887126 112.86342100879608 112.89459586746717 112.7451790617458 112.65805039348243 112.8345612903904 113.18855830741072 113.08786966717693 113.35858626918088 113.59351661818235 113.99371194856151 114.49124693706372 114.88890680088251 114.94091001097854 115.08312687213896 115.02402555505073 114.86584165421348 114.75775289280185 115.21717959025234 114.9289006808358 115.65020791336357 115.47768175606562 115.32570348873507 115.50791961361668 115.41287311588282 115.36955207453454 115.10201632951463 115.17981217988938
107.23854415360059 107.47859242605121 107.64383311460627 107.9697914224032 107.99904800590883 108.06636941163549 108.19516098541509 108.48905734841709 109.14245943572936 109.84526182207732 110.17545117658634 110.40609178733361 110.74337796997092 110.65688458523579 110.73078189329439 111.06663815473999 111.45606760700436 111.78177618467456 111.88912989281928 111.83716177504294 111.80292393438594 112.0094881883246 112.10853367698134 112.24101733775892 112.86618527690109 113.06911015723657 113.46946319695128 113.84137817053731 113.37089945810506 113.51197407149436 113.9444153049038 114.13541284889165 113.95385337481999 113.90007768182119 113.92441243354962 114.18065648115504 114.00623089470749 114.33573443022547 114.22566647504101 114.76629085566212 114.42557624943349 114.29881259205884 114.27859475560554 114.4713405395501
106.1914819931574 106.58783408377364 107.1372941653342 107.65369037683612 107.69111923245342 107.81287956463562 107.94597854177995 108.1876973515574 108.48668844309798 108.80694691403849 109.15859376253451 109.56321481123777 109.66773016335995 109.83985029990875 109.84477163853532 109.8569328759876 110.26440064009044 110.50101003397157 110.81324977865658 110.77526140042556 110.84481912341099 110.84077669596839 110.90303599600549 111.01653057704621 111.80497366804778 112.5589050801919 112.91082099065505 112.48253580502568 112.71277655235241 112.84441362787196 113.21894023995351 113.30507954482154 113.12340123001488 113.10161960379348 113.1498670966849 112.98952227842352 112.89656546322028 113.3134803142323 113.2973548892507 113.02771096550129 113.58788296498311 113.5051077242193 113.49475207752302 113.53539630152098
105.29060268342998 105.76397699296405 106.11837076493647 106.74737518356314 107.06704276907948 107.29666001952972 107.21917786582482 107.41336625991254 107.66098370802438 107.7441861359344 108.00912038924527 108.36315865253685 108.54457587831851 108.68057634153708 108.869236744073 108.88114598542921 109.02645229842186 109.31347676447126 109.65850255452166 109.93338474593779 110.06671124430761 110.16630322800866 110.30970728354745 110.31850037430858 110.1222988125703 111.20725076333069 111.39521473899514 111.31477267175163 112.19337651505282 112.27790071402006 112.58862887248583 112.56882803979771 112.32247004547274 112.35997593898915 112.24211929502582 112.32842316540473 111.90456787339544 112.04739787553785 112.5930517747837 112.74019179953267 112.8170314102302 113.00163093111435 112.99055272863448 113.01939605836043
104.23672266256796 104.83969893709683 105.0327931040139 104.8862447583346 105.66643915319825 106.26559780298071 106.47327816638874 106.56214145429766 106.82442883679816 107.10705438510328 107.26528316083757 107.77647525882324 108.00645554954758 108.18152371002927 108.4296445530543 108.64548180372981 108.66051577543202 108.67334385997592 108.84150042635493 109.19113967482066 109.27970625537918 109.28026110896812 109.40782490154402 109.55615921684168 109.72152983676365 109.77985491700437 110.21888753897876 110.91776049984661 111.21176423576534 111.25191060394762 111.05478814918357 111.34865286717795 111.07472638024143 111.20441454820943 111.15602757624045 111.28542248988718 111.42586211757141 111.66122594664431 111.95797139778018 112.23269426460303 112.39471401322277 112.74440411986717 112.95644572761846 112.97942804277221
101.77308311625501 103.08033805604671 103.10994782547368 103.38414520115558 103.92939881844384 104.9708503115245 105.45285129470821 105.56996496494592 105.92122224092236 106.28234630049242 106.64488447411412 107.1055236258859 107.42501856532947 107.74202368763687 108.10717192683511 108.52598730886767 108.54186244262877 108.3083767516975 108.54910623879167 108.71999219217854 108.89031002303994 108.96287382521976 109.07442051118625 109.21660165550173 109.25704841328135 109.31531587939278 109.8800017922387 110.00994585492175 110.89981494958953 110.71641965647306 110.69171037705058 110.89081999268627 110.59822513783928 110.46736748696104 110.61770941619645 110.72557533486281 110.91352771267793 111.22200812887706 111.61206835547254 111.86745533968217 112.25136987376916 112.55609840106068 112.69986565572103 112.70775829030718
100.22521671741112 101.10119573698097 101.77894062784553 101.8446617468816 102.11037095940993 103.20712516514305 103.61146783657716 104.04632989708057 104.85494170190071 105.57953226900673 105.86931916813862 106.31174491567712 106.87522142079011 107.19618258793997 107.43384913581343 107.56472006701252 107.63616451910481 107.75701072700738 108.26824026226238 108.75478918275844 108.83368574146421 108.82007319189414 108.85437051640557 108.9521482302646 108.97122675815933 109.02246044834315 109.15732454759468 109.71458898017542 109.5344610692186 109.80091893854623 109.81259961947931 109.82979892735081 109.78799468220141 109.75145503117469 109.88304017842486 109.9587744870225 110.38942060970285 110.72515671129148 111.02708847075301 111.50373083968522 111.97370245383492 112.2924279364415 112.42217984368112 112.4357725930439
98.89632727788116 100.37830773191119 100.46290234271106 100.94713639955361 101.15975639140457 101.64471857791858 102.68640851113354 102.98113017861836 103.5259059875088 104.41785694620455 104.94528051662503 105.47169528823908 106.12060171809037 106.5198497774216 106.73755793328282 106.66528090856634 106.70880881314983 107.20650022823773 107.97756040076352 108.70912669688545 108.75435324520232 108.63252969222732 108.49202399450637 108.62110769944466 108.71456433178774 108.3188076061979 108.35977727474621 108.42188602786354 108.99874686830572 109.53913885249094 109.39411686232886 109.58310884667783 109.57708687693146 109.56887304719834 109.629157928951 109.65242733743034 109.75909595213378 109.9797230933541 110.2346654127081 110.79874051922576 111.38140390045125 111.88470145364157 112.1670042266856 112.23080858385573
97.76620351350786 98.88140226924996 99.68121364319707 100.02287098071507 100.17592583519273 100.63125142315832 101.34975782367349 102.19808550346855 102.77423551272842 103.34744936940638 103.92738538927958 104.77967580528228 105.4587115304876 105.95015414074624 106.3501442167492 106.53599584057122 106.58027191214998 106.84412667853476 107.43503330701446 108.08254854174454 108.2377962410975 108.06183689864095 108.14838212752049 108.05543089293054 108.00250435701079 108.00642581012592 108.04354828333479 107.79508979931718 108.72960059054334 108.86547901152534 109.18396430719172 109.38845103895407 109.43983845323407 109.49143079172123 109.53104645066631 109.54442626451286 109.5319592982998 109.26888052955933 109.19310259442494 109.56311725832349 110.34122828924002 110.9441534810387 111.36326106863633 111.46236244170552
97.43769098711861 98.56988603204772 99.26298423204615 99.41249411940142 99.69150090817712 100.05301037733732 100.48691721721956 101.23709462656065 101.7668019022098 102.60528084887684 103.16819957703436 103.73708450173989 104.65164690467243 105.17884308922316 105.70765633314383 106.1057921485347 106.27414419126812 106.41443798616856 106.75245593307336 107.2369705962873 107.3830643922551 107.35546596570882 107.50176089706198 107.37375463917309 107.25022097021065 106.82726455973022 106.78736928162073 107.48145168248664 108.20523384702284 108.38428780913424 108.60838312133448 109.19110105027274 109.30311411293565 109.41899601792909 109.48280533643675 109.45093446499922 109.11116179291415 108.64384863822886 108.42355140445096 108.59219248277543 109.09516035476962 109.7422300945289 110.41007498246294 110.66765534026332
97.34284789462605 98.31519178600024 99.11373558947268 99.37463256723412 99.41756564790764 99.71165689937406 100.06789280156453 100.44733868300078 101.1180184817225 101.60880137432078 102.38904602289222 102.90508540502636 103.48200393497618 104.12269968027425 104.6026208446257 105.06524169669586 105.36352618864406 105.61245186304765 105.89941515276507 106.20957910297477 106.49889769171965 106.39812465140724 106.6036454818765 106.90372871921946 106.53391785324622 106.4832290560939 106.47584801228165 106.53156653087133 106.29796573402604 107.55074054764873 107.83787568767407 108.56766079671232 108.84110251140491 108.87962637917205 109.0900148978059 109.01184489341449 108.58880007083341 107.95200965957127 107.54083879463275 107.58762074485004 108.08273415635901 108.77140564146615 109.3109947006441 109.70717174480599
97.13317406919523 97.99654809806587 98.92791580226475 99.34823017935841 99.36300404081487 99.40425234659861 99.58843121731171 99.75130313881189 100.24839693655306 100.66919007924108 101.4186046396338 101.9131882136397 102.36082899547904 102.93785005133245 103.26119870661185 103.67869855615552 104.01688003307723 104.39208149574733 104.73823823270271 105.19159307770869 105.40904972190859 105.327480899125 105.3887163809622 105.66177937035269 106.0982439997584 106.09861510189685 105.68847292003743 105.77620584172716 105.95188249880013 107.19809899678084 107.44557991976161 107.68627607487919 108.0229809677262 108.30750128092727 108.43081370006428 108.30020491853827 107.82628032550767 107.35973955314256 106.94792542671719 106.95724679047187 107.42968709507703 108.07841942492826 108.46373799789279 108.75528947734695
