idw.asc
NCOLS 250
NROWS 250
XLLCORNER 2.0
YLLCORNER 3.0
CELLSIZE 1.0
NODATA_VALUE -9999
[rows 38 to 56 of 250, columns 132 to 175 of 250]
98.35989746151976 97.56966653566043 96.67363941776476 95.55884844637643 94.25334547645684 93.10709810980512 91.8609623540744 91.22808967418142 91.07365480152646 90.86853407813008 90.58676891209427 89.74547508918486 89.16728107364038 89.05623139633911 88.72781608114204 87.98263446647479 87.02506262202397 86.05620160190122 84.10232676200337 83.25953887690406 81.98499704819395 81.25429036394951 79.82812500420168 78.341829482487 76.58475448958785 74.69792665337795 73.48508174181995 72.06462904045081 70.2503928920475 69.12963400453359 68.90270379355191 68.84048744747467 68.8455043730574 68.6150638221718 67.80876551029492 66.85775083579094 65.6576047950383 64.83968382230059 64.22266762502302 63.77181832460782 63.022639227228304 62.54323918548956 61.9386111873632 60.5647826813399
98.49850056948588 97.75822886397442 96.7798147005912 95.7389442843457 94.5979342430186 93.78441209204888 92.19716558079767 91.28628559080668 91.04291106403204 90.51680345953348 90.07738439544242 89.41950727148216 89.09957306325519 88.90114648298247 88.51999408301842 87.87159171411943 87.05536615781303 86.28208403101664 84.1635942806885 83.27398880317635 82.48111760112022 81.16404179202402 79.76575085202612 78.09754896515985 77.01556819741711 74.08643785779836 72.9720215508757 71.90271826671558 70.42011366089451 69.62288105372002 69.28165590149324 68.94840092537791 69.1452386104937 69.09247652738819 68.48843999691553 67.61749215308873 66.3520646597515 65.42496985356816 64.69420110644957 64.12194878163172 63.16184367165089 62.5563417551585 61.40939153119483 60.16405526478068
99.053883882072 98.35914941803762 97.35934689261109 95.88903620049305 95.00675573755572 93.94531390746198 93.25054806648268 91.61796956514465 90.99836618807116 90.70249546451946 89.50253051133336 89.21036740207501 88.93338621366159 88.65363657779817 88.2524744204634 87.67255062708566 86.96468198821132 86.2266969378407 84.04118989412478 83.17648808981495 82.37332011589744 81.58896864428092 79.60655455640261 77.94120737931149 76.3446314653435 73.74718038670295 72.73089862577851 71.74959531598468 70.39540427886114 69.8117810040738 69.1775681203062 69.1004845767854 69.10017201228585 69.07429196700394 68.68016011256758 67.95258862047434 66.79568599729991 65.88400359556789 65.11710744087365 64.33887668859283 62.80367119201004 62.0447491036915 60.89851880841214 59.90867729582484
99.35881633063866 98.58231422607315 97.57150891241665 96.66277361160672 95.75186933796786 94.64475347888948 93.46178134143184 92.3327829673847 91.08871321006755 90.09977115232809 89.49616787613095 88.83951683597898 88.56942203244552 88.24595884276918 87.82014212885956 87.27225137205672 86.63776490671563 85.69542189914335 83.57440410394783 82.79123303772968 82.05265864441999 81.32557473778817 80.00306949234297 77.78012339465168 75.41947670577174 73.71084411899095 72.73772065060813 71.79166454627676 70.45970903157557 69.64452720318863 69.30377647270808 69.13203785558862 69.00804341919967 68.95127951816289 68.59055653254589 67.96312960221078 66.8801576589786 66.02116688103568 65.25288001174792 64.11045190806281 62.95675175715676 61.59226269690565 60.681660446276275 59.66758365278426
100.11410386191417 99.42831121248037 98.05706348647311 97.17086111950648 96.0661955734627 95.19664761114194 93.97045911309706 92.66688515635941 91.67675148662101 89.52292206372913 89.22295563775289 88.3826729949748 88.09704084457653 87.74255575881887 86.9958141936273 86.44714645424926 85.8453563561241 85.24287558667459 83.16954522538553 82.46775556267131 81.80047968223319 80.58469525077322 79.36396600011854 77.90830848253489 75.74593075382451 74.57137319662121 73.13727897948777 71.61757179986657 70.61310737551887 69.7333026816783 69.363515931312 69.02480615253916 68.89140336499298 68.6003697302334 68.27421921909016 67.73632751987998 66.7103648283027 65.93400490024587 64.74215402204477 63.79626426768778 63.03028802961909 62.25685017457126 60.45841306346292 59.213608475140944
100.60980555034406 99.70644021207276 98.93886411238856 97.49891905275854 96.64002761440469 95.82740062531286 94.6659570924117 94.0335127589895 90.90962739275118 89.69549822893065 88.9408871839094 87.86366548263683 87.55075107580086 86.7974098001015 86.32701328393686 85.79177760512214 85.22395967560611 84.66607780057468 82.70897316487347 82.10219983567514 80.99703652078603 79.90672281272376 78.62849339608633 77.89291325504928 76.44523465893198 74.99671839593373 74.03277912417312 71.99699508801979 70.7300185337326 69.86425246932377 69.20602024332963 68.79274263770301 68.70249500591474 68.57029321395598 67.9196468866863 67.49586877178392 66.28426976860581 65.56708192670989 64.3209408464975 63.54407320442646 62.44316511634143 61.664836269415694 60.3296599257902 59.00700023637992
101.11406863066324 100.03166553694072 99.25187937437046 98.4559240284592 97.13131455278894 96.00717721702335 95.32966445277916 93.09163714248014 91.29694717836273 90.48032010857096 89.52338783744212 88.56386835282873 86.51752505111554 86.09864724663437 85.61459714639102 85.082949322803 84.53454848247584 84.00726809500924 82.83805830002612 81.73044407488084 80.28681918569565 79.07063568487627 78.518183389621 77.33135643351929 76.60676317999616 75.29748701265348 74.38882206711605 71.9721092484517 70.84134654317671 70.04010921178924 69.24074920543018 68.68380077950991 68.48092402973123 68.26105998697093 67.97268735297322 66.95699301662022 65.97571841701021 64.8198157070965 64.06422953890707 62.93352507344091 62.15693918107881 61.38286138370796 60.58411718527009 58.8318506613339
101.40794375031865 100.72016689449691 99.68049954087745 98.89972749265985 97.24912876725791 96.22172644789318 95.59640455617614 92.86746317881573 91.47387408114834 90.96712146221758 89.83128774742275 89.29818314781889 87.09509780228059 85.39212433920943 84.89381089952681 84.36112133371847 83.82448110232994 83.31978527298479 82.56013293347138 80.73964720368964 79.98526422787111 79.11992937067802 78.18749418437761 77.6126664036026 76.90314844687973 76.07528469979998 74.1793300150563 72.37052736308377 70.79655762495615 70.11013118444069 69.55028182341438 69.09917897245015 68.25879363308708 67.94273110005953 67.59795724573407 66.43103195341222 65.01609088718898 64.0074598634121 63.25000804263405 62.478780933318454 61.729085870752435 61.00577923806193 59.87145257087954 59.06697932169659
102.1498274500381 101.05246710111031 99.96453154638067 99.22451328100898 97.88967061185359 96.56805566873183 95.684873157466 93.09322394277697 91.62324515068896 90.34011954681483 89.7381796985194 89.10886918466838 87.60811633520336 86.10589424357316 85.47867385727885 84.23905746493494 83.14677128879734 82.35067515567003 81.60676753649662 80.19474215890743 79.97754526152836 79.29031289907937 78.54751283344193 77.99010932484342 77.12499889658713 75.72560524188513 74.74874894260098 72.42960632290207 71.48502699612679 70.34901957872624 69.66486298249035 69.08229427370304 68.57311820335428 67.60160227410647 67.19895526261783 65.96203321336637 64.69679347875156 63.587595306525444 62.794086173778965 61.99055472043797 61.250430390144516 60.589394496038324 59.57298255332802 58.847676506912016
102.30014147614214 100.90758466795728 100.1453221611598 99.27521197681155 98.48019951209018 97.29976932548256 94.02062144595742 93.29283102185708 91.79104168811307 90.3696007988713 89.68728873624285 88.76706189934077 87.22294589258115 86.5327205679244 85.77838218208375 84.0580664789114 82.42115619553759 81.62023304179073 80.97939483697552 80.39722721765193 79.73676231064249 79.3088923982456 78.94304843538164 78.36173393293144 77.45813347476948 76.04464338649515 74.30408491847972 73.13398079079442 72.04291319641314 70.81188438594347 69.97425546434684 68.99935510699424 68.3491353397391 67.47043693857803 67.00622857056902 66.08016904137585 64.43306506612453 63.308531361948425 62.37685210025235 61.45981722008585 60.70078540550601 59.83677356131641 59.090447800395495 58.43494912242672
102.51263360847642 101.35553714459164 100.10170632679277 99.32367250874888 98.62167338881694 97.99786576465847 94.18944939300891 93.47140285679194 90.82829944486092 90.14594671129578 89.43185448805454 88.67102998448883 87.04905452562436 86.27029543467708 84.96960642522873 83.8212027189904 82.59804355475676 81.6199637262509 80.98701152242279 80.6167074283929 80.07615942847228 79.83555550965016 79.41779235592666 78.7963463482384 77.64705962432512 76.52873618368774 74.71203571032468 73.41782586493426 72.20375020322946 71.10188177887912 69.93076293296492 69.0465879862111 68.0638324783705 67.34161148375777 66.57906223092843 65.72927568081818 64.43146539023614 63.20291978672083 61.99454975941162 60.85476645807272 59.870448205171584 59.27799596978991 58.863537645238125 58.28402331151405
102.78580927342367 101.98571974623681 100.87783505747 99.64346635446425 98.6269174322407 98.04991580172901 94.32615485388362 92.4228377972394 90.97662107937823 90.25540061719431 89.4859500510807 88.65706502146813 86.69437825814677 85.30386547430118 84.43914145964234 83.57608423969708 82.75263451810966 81.35845396225886 80.65146305917268 80.5628098939679 80.39314658477102 80.23494981687153 79.91932156090569 79.0762405697787 78.07981738420237 76.88159953930175 75.00492370335425 73.60037616093229 72.27727275647584 71.07883253917613 70.00109662583559 68.98576804888893 67.96161336619777 66.9465344207505 66.17970563553749 65.65322635520776 64.81772514030078 63.47229810781563 61.64370083423587 60.185823656681926 59.18764163083344 58.87278232876587 58.626965424918815 57.98542657282866
102.53053094440132 101.61800883668793 100.98012512293175 99.89875383481338 99.32587751727154 97.58579076014523 95.32357094653202 92.57482642143056 91.1304274239284 90.34134262902063 89.48714496923645 88.56388914332942 86.8047622548172 85.31612041101326 84.3789509291588 83.45713338767195 82.59142722238238 81.09888228106281 80.60358532272271 80.54353241637799 80.52853025251241 80.48530865299081 80.12210252973695 79.42394940184097 78.4451122303935 77.06552258782062 75.16102208601973 73.67677004591916 72.26895659369143 71.01035739187427 69.92321696069952 68.92572666167237 67.83581364424536 66.52488498375305 65.78276650103173 65.64640608753345 65.09047669454922 63.55131620298737 61.5107132564925 59.599956844862774 58.7469458266896 58.67793637087328 58.554301418404705 57.970913520141146
102.80696656141959 101.15203928235559 100.45735203872789 99.81949698646882 98.58349188213785 98.06230095747605 95.34055049705576 92.8351858406063 91.43812845032248 90.62964551380047 89.739762565418 88.76939324845885 86.44076103667308 85.44162778350479 84.16021677381116 83.20702015512539 82.35050613940038 81.38986422317785 80.75889143529257 80.52392375487052 80.51401897380396 80.49121975454803 80.15611760315845 79.40725688843929 78.44429851209861 77.2750277327 75.18722192983095 73.66566021128091 72.19703173345248 70.90235026042157 69.87527292849363 69.06376630650733 68.14976093208499 66.75442840803282 65.82255887535948 65.66367157106569 65.06823896626338 63.66934718324354 61.443585461537296 59.43317211904761 58.73860790934076 58.667084076488315 58.495768479331716 57.64931412945036
102.46530923741261 101.02006466028736 99.85865897753798 98.63413376507502 98.05870654084612 97.58257544018028 95.0955396756116 93.38064646330929 91.96325912776781 90.96955255318869 90.00680509135853 87.62842205477921 86.54872464902591 85.45047576419768 84.37191938203938 83.35749839527688 82.45544476529335 81.30483438776545 80.87000328962345 80.39605247479558 80.3352380961307 80.2824337419221 79.93351603327969 79.26043579349304 78.42291595134422 77.16041154566736 75.4006832352845 73.61831874271243 72.10894562586746 70.76964846521345 69.79960090188402 69.26569112990566 68.81283091024616 67.68145166374009 66.59426025105081 65.94233140836904 64.90452804393863 63.61623132753604 61.719412552644975 59.85242312893534 59.00300427272363 58.612646878385604 58.160546414788975 57.1289335316048
102.04899848286642 100.8274985122932 99.21642054282168 98.06983486858202 97.54769690324409 97.1329072347963 95.1343802664155 93.68172710373406 92.3734876818518 91.46874850085005 90.45406646283267 88.08358914826924 86.88697633681171 85.67684903604207 84.50198527767508 83.41352248181397 82.4611752540592 81.40836230323652 80.89355278992046 80.22513035938248 80.0152591968249 79.9046080931634 79.65637808885512 79.03285199136442 78.31082141079676 77.1576380755839 75.34643934346524 73.61205208862513 72.0953599874289 70.69885288896707 69.70707868055248 69.31343292258583 69.19750581484155 68.49132623301251 67.424154630856 66.36180719338086 64.79666172706033 63.59519048515123 61.952539957889826 60.1705387029924 59.17585908944804 58.259673433346116 57.59555285983292 56.70405015991568
101.58308382961958 100.22109622487375 98.52981160405723 97.5425871217936 97.09520670557143 96.75703773168917 95.00903025416396 94.01278658332255 93.21132476620112 91.86652868412929 90.8507272170433 88.62708251133705 87.38344456153374 86.12022448759268 84.88700178937157 83.72915939893117 82.68759366429627 81.50908599789976 80.84994811249175 80.19299518091556 79.74144506716226 79.63105217856499 79.38645574542774 78.71992341852881 77.99262700407006 77.11951328911314 75.4688168386221 74.1392783101338 72.32597300772214 70.84452205339326 69.7956764951242 69.34336873642661 69.22565368728468 68.77105223189083 67.91085163217566 66.68511109843575 64.75918801570613 63.44973510817218 61.89895789471882 60.056565768677956 58.872171815983464 58.126733642195546 57.33243672105141 56.27888279765202
101.10580750960864 99.24731011049636 98.2604921989516 97.09967796837724 96.74939264934615 96.37147569635053 95.77188423971364 94.33476327010408 93.47572217385809 92.20239245286402 90.33976997841471 89.14367024900189 87.86866120422485 86.56919899480042 85.29966400868251 84.09153344300303 82.96292240177623 81.64222779640976 80.80488218433946 80.14092930073997 79.69664064103935 79.62788016113785 79.29552206984634 78.44620439150646 77.62288738006986 76.84106141547086 76.01161923455436 74.49418893641234 73.0995700700876 71.31111761364588 70.22176576851876 69.53977926171943 69.16540109952173 68.74911536339741 68.03959779754058 66.07637548862645 64.55872383897443 62.864728008366825 61.6647820661745 60.193518700307976 58.67375310314118 57.82801659316999 56.96301952703982 56.05954443669981
100.47338169312829 98.85173491711238 97.75096018094119 96.78484147188522 96.54938777239605 96.34687820784767 95.85713410267932 94.57423379236589 93.60100337914402 92.17140891789606 90.78260540033507 89.59839516267212 88.29773901517422 86.97576469080798 85.70581384928067 84.4969733267949 83.32723998831281 81.89595687182965 80.91649534673667 80.1450603374412 79.68065795388071 79.59858676146276 79.09869917822287 78.14805571561796 77.05409420308656 76.45265637938947 75.93665544583361 74.78262073462169 73.62112985089304 72.0008969130194 70.90809644478713 69.96105766909088 69.21904054199494 68.71247835622961 68.03021893553864 66.35020652249247 64.22452227061478 62.671507793388926 61.54157205335101 59.944059409102344 58.43829971550021 57.5753713758055 56.70834741744376 55.83185770707416
