idw.asc
NCOLS 250
NROWS 250
XLLCORNER 2.0
YLLCORNER 3.0
CELLSIZE 1.0
NODATA_VALUE -9999
[rows 76 to 94 of 250, columns 132 to 175 of 250]
101.27872217404568 100.33770004608374 99.17461846756214 97.48744717617811 96.03902062509155 95.05330237879463 94.74862231472966 94.60278152764899 94.31569869106761 93.38580366668143 92.43598343517233 91.67974846100198 90.1475951239089 89.01558008500466 87.30730582771099 86.57691492726022 86.2302067757322 85.81512767552044 85.25879869562368 84.53747246480026 83.28949667864632 82.217036603399 81.60244786042678 80.97951879087454 80.57754405444695 79.95009000009424 78.97395016561987 77.85394529351322 76.88445123369343 76.50098343833247 76.41095982103339 75.79359382577248 75.23747767431828 75.02860961739466 74.97242091167044 73.99140744337461 73.91234278677953 73.87599968742302 73.5662381417047 73.56516204261305 73.4159540651821 73.23780819935526 73.17392163101356 73.21110581568946
101.44317450614524 100.65231188537382 99.46035866817809 98.30872979377673 97.16693814730739 96.16078063772053 95.72663177754724 95.32308830593576 94.9097347302876 93.47014069260028 92.71997842065917 91.05675439180465 90.06175846771609 88.9320759654999 87.08231142628456 86.51941512212078 86.30138621030082 85.9708131903775 85.4053946631904 84.66854044088984 83.4125443716861 82.28057418133952 81.57713575527643 81.08834010208085 80.91880821105889 80.63923048693016 80.03739822075255 79.22944860083646 78.2782732160629 77.78891072512252 77.50777898189776 77.03472591390323 76.78497700831707 75.74317517592227 75.63320182948986 75.0916776100793 74.4053967812679 74.28823470844563 74.30265212931188 73.86810930210953 73.67197554516659 73.4538074979547 73.005569366121 73.03374116182191
101.58867484648236 100.8100494949155 99.86633569029155 99.009057580931 98.14479345434185 97.18257226474277 96.38434517271153 96.00020016824658 95.57711993470554 94.27367564714356 92.49275179275132 91.06677070355921 89.74036589588962 88.66156234835286 87.54930980024092 86.63053670037203 86.42419481359055 86.17094995173575 85.6288512061119 84.87150463611727 83.90124313423665 82.37613736793287 81.4126817033838 80.96815086178249 80.93357007085652 80.96827778290219 80.74810900576938 80.29048821804074 79.4598553132331 78.97887385542872 78.56030909129825 77.97509533193545 77.60104903677556 76.91377228408491 76.21732918621348 75.9605260909074 75.32577269355681 75.09652192852839 74.97499133505477 74.3434394620729 74.07187492427636 73.79240788602417 73.26966543258187 73.31640381597501
101.65260117055043 100.82800965816782 100.13774242850408 99.54971477527624 98.89286715483523 97.79570533117918 97.22426866707193 96.69903952938282 95.97929206157555 94.4730363337375 93.24202398257583 90.90108155413735 89.54588040694478 88.35756993421653 87.19892036581095 86.65348170398076 86.57548839531238 86.40562562654283 85.83521332740582 85.1380703479241 84.01804356410253 82.78364833427317 81.60308243668598 81.01645883440519 80.98509848270093 81.20564657118973 81.27314508615308 81.10651367861026 80.42309125515843 80.01022647663684 79.5329465442106 78.89091813379136 78.79192215002101 78.09681373605343 77.72466771021081 76.9356043594742 76.97429774561684 76.20890278010195 75.88934166997379 75.4015172817309 74.76627692094694 74.69304909568478 74.77233896636199 74.81085787193499
101.4622344156978 100.68066580466008 100.38235157027887 99.81153211272263 99.10237756938683 98.33942196035589 97.76340907776122 97.177188298702 96.53205946386805 95.07624769405317 93.70358179416137 91.7246080480194 89.58177862327375 88.3841841423996 87.22279276429171 86.66301586661872 86.58002694075451 86.55106081024171 86.16605562205568 85.46992904286859 84.54745048821536 83.44735280481586 82.28592421111298 81.66804683223741 81.55368920578432 81.74431218299033 81.89213475615921 81.86234423325332 81.2683529324616 81.16065493712598 80.70906737622659 80.13361708248173 79.58776291166797 79.42149970250658 78.72424672603346 77.88813444167911 77.44787109370154 77.03104691823286 76.56665653693013 76.0233682216645 75.57602116046495 75.29439812889491 75.09311444816184 75.17891561289738
100.87737311822885 100.28973291430142 100.2689471181922 100.13336731011445 99.23336836101389 98.7231224962962 98.17014171238151 97.57383153641997 96.73568105772398 95.43733073945174 93.88115792724447 92.09139900410523 89.85757859366537 88.74342678833499 87.63872857855998 87.14102849843655 86.80827719087969 86.6569475539009 86.38031767230649 86.09258827841049 85.3398884539528 84.29903838853959 83.46704987140275 82.71551186832426 82.54388835857156 82.60738153209478 82.67541035761411 82.63150195880954 82.24131834557737 81.96972796729321 81.51606450556565 80.96559069246996 80.6380715171894 80.112308447656 79.70223062242609 79.21498652634354 78.36852034743009 77.8784832138813 77.05640936460405 76.51387260098433 76.18161690722582 75.8200806715588 75.75067813099142 76.10739354418929
99.95333551108973 99.75358842619693 100.12552880311242 100.1019109201818 99.64610596693169 98.98884739379109 98.37114767965507 97.78353253032401 97.11203929378306 95.63572511321297 94.30174397045003 92.88479347390404 91.0148046318145 89.29713012916771 88.21694313400658 87.70974674806568 87.24656654276374 86.96455820696384 86.79551511039973 86.49283997955709 86.01824077009343 85.28161769908237 84.35062699621909 83.87673139828466 83.48013006386628 83.47137067876193 83.53572521521284 83.44865493437351 83.13948583607268 82.67817565710601 82.40266143418913 81.95488539985563 81.37271002244287 81.06168503049219 80.3717878927874 79.85332243520537 79.30315558382075 78.45799129880253 77.93431382258215 77.22050196578692 76.83535384377025 76.45791749957858 76.43650437990838 76.73179823667745
100.05647495535105 99.7994487022267 100.13726913746594 100.19913721075403 99.7797586553833 99.095355135325 98.6190975885343 98.08330251099503 97.46307191990842 96.47891740143676 94.78308478024725 93.41818505283084 91.62455250445733 90.27357059006943 89.08210197645202 88.0910980584173 87.47306135660152 87.0481086750318 86.94911558295097 86.9228811229781 86.47916867829252 85.8111209715269 85.16038036221545 84.48457579002071 84.23626447568716 84.19462894094052 84.03345908091735 83.92093689529689 83.6431996372235 83.36122616515334 83.02993153669951 82.8012136622177 82.27355116450411 81.71623982288254 81.04196967589658 80.5176893579216 79.9719985875167 79.11326006852683 78.65349676957955 78.17372799515566 77.75103848288384 77.08934824302278 77.13999359360785 77.13591703185182
101.34463204302033 100.75212359832507 100.55886520647834 100.27971503126902 99.80879394854037 99.44322754430831 98.79524776947413 98.3271160475112 97.77857220996016 96.86155058917312 95.28798457726222 93.98252382603629 92.26569570528181 90.94814934061705 89.66985802524067 88.759954823997 87.64417287341243 87.24539557274865 86.97387649509491 86.95154319393285 86.61516721561286 86.11396272491888 85.57679271398767 84.86920292565557 84.49113240563945 84.24176944281835 84.222909727956 84.15406690205762 84.1325562877042 83.79512912845092 83.61042770877515 83.3809994454773 82.88400089860745 82.32758782756802 81.69473939214558 81.1959496472448 80.6856180331638 79.84284340821753 79.41620263888854 78.94796799760606 78.6020008611743 78.24158065146746 77.7587140799865 77.62480211491307
102.30325154834078 101.6440462608068 101.0038096026121 100.52536997296957 100.04775332532434 99.60629099620726 99.28994890392416 98.5112963247255 97.8258711555123 97.21503847801037 95.78598211845727 94.54959645523617 92.66259398015103 91.67128553141913 90.28335712990881 89.23476262175393 87.98444697934399 87.43509727728554 87.19678889989838 86.92249637721773 86.64649468436578 86.39011139732258 86.0409858398667 85.4986022804135 84.74397083257786 84.29415388726127 84.26141878440521 84.3743784062443 84.43153311898415 84.34718860205322 84.0295630665701 83.8325248657767 83.52934648977104 83.14563369535499 82.66624067240902 82.27958574772072 81.86679895580188 81.3299925855189 81.03119768183186 80.66018078860799 80.10157964227456 79.21549486475236 78.94905568958495 78.68115719340452
102.52238934313314 101.8825170809346 101.12813690596904 100.31246660349574 99.84473989954073 99.60729881367271 99.39044768187102 98.95172452622255 98.41834577262104 97.93434414519989 96.80903139589157 95.03278822109863 93.44510847016106 92.70242619027414 91.67737933019508 90.19775993290831 89.02859463678963 88.1491986630232 87.80466142265358 87.49362708334482 87.46172041270854 86.87549981807946 86.7967468108171 86.40456875005297 85.72663001729137 84.92654302613414 84.71271999293846 84.73526438554929 84.58419219117118 84.3513006136621 84.3634284187675 84.42522686290677 84.29482734233578 83.91156454111388 83.62489562929083 83.37477644071825 83.0679965548741 82.87134931203929 82.20792043913119 81.92686673661454 81.4075744526649 80.84322309395571 80.3872844620705 79.85098656291288
102.58032812207809 101.84135432054663 100.91867838197294 99.93117573237821 99.4784479800456 99.35130589345927 99.21428730728054 98.92621439167144 98.5329612198457 98.14467080803765 97.55269906819443 96.16380708422406 94.41045434694738 93.47279903574251 92.43677103744962 90.62359610058301 89.78128021525787 89.10801306948935 88.37877033444994 87.95390219736689 87.92863773349634 88.04053571974117 88.06716865346374 87.85392879058948 86.9175113268301 85.87916371870153 85.37113434438949 85.05144805558061 84.72888574892781 84.41004523500158 84.38868722222779 84.54560650358296 84.77761489582336 84.75666033345675 84.54238464082454 84.06931839786795 84.26938719631598 83.77991390040427 83.45025408509115 83.03825056901962 82.55157262744952 82.014094682811 81.52610228565388 80.89831190331375
102.63918241291113 101.84738546344262 100.52686073530136 99.28662278695357 99.11583049293355 99.02280890204003 98.89060534406018 98.93970825194867 98.5876343872191 98.21504400112586 97.72962898228128 96.74295114765485 95.45665013633067 94.24861761235695 93.27434765303741 91.4619106117141 90.56602175614454 89.81896995179392 88.94102761777269 88.397103911916 88.49078453549696 88.4846698240423 88.73791321135727 88.69949353543457 88.06696955842789 86.6967993054872 85.96600708682405 85.64320653855377 85.20172706778993 84.88644437199402 84.89919751724726 85.02642382443929 85.39930624887066 85.96839616518442 85.75161038687772 85.79283602237263 85.61490481609455 85.37727336541758 84.85122945085573 84.51657739956397 83.73525410995566 83.24733974783389 82.73192416453041 82.2228112285419
102.82176702718367 102.11908808600444 100.61853434565381 99.32966940885886 99.0744945586093 98.52512444003742 98.4238445000716 98.79742323471038 98.65424892688691 98.40001154839251 98.16099568636224 97.68740281632448 96.75748088464158 95.70177221818703 94.48533494828962 92.78549501635347 91.8456414264036 90.51314100788876 89.72859468488132 89.04315826601696 88.79826716564945 88.65141549192683 88.78619962966567 88.75982817615316 88.34636234188467 87.70682144519228 87.08018429577852 86.37786022422478 86.01148675159823 85.98293221510362 86.05748289630957 86.23911681789656 86.53072802120046 86.62644304656642 86.71605527401208 86.78164587335817 86.76421017121135 86.55222248851163 85.87911517382656 85.62913830121384 85.23797265733944 84.79000575409844 84.25661439480406 83.38270827525915
102.84124842109958 102.27539825774609 101.16900985174524 100.18156813165548 99.42156052230823 98.53757192154023 98.4743400252257 98.91977590598916 98.81386650629995 98.47905643396257 98.17114996136118 97.73892855136 97.19730239688523 96.69553591358257 95.49451389204266 93.62605601754196 92.66961828953367 91.97203328025239 91.18436546821648 89.98524242954787 89.1386001002647 88.78676846744641 88.73241990545293 88.65055905447973 88.41070427054079 88.14928847617436 87.58813506288492 87.31494587473138 86.99051540902629 86.92096728669442 87.0491952403432 87.3858791131633 87.52577520506766 87.67866788821091 88.17869958164418 87.55615606735155 87.55541923116428 87.35660138941562 87.01833459755679 86.64438761222655 86.34581097484349 86.07293701101479 85.566467209198 85.11265088197867
102.84769388482195 102.3358155504882 101.62289320725255 100.9729710998005 100.17608667377002 99.62143136732229 99.2306225212247 99.27981976515858 98.79831419503311 98.36664014120137 97.93833242669683 97.75386876646513 97.48871068175649 97.09456618211114 96.5288054130152 95.17870251147855 93.61750797190662 92.77001029754705 91.96400149211605 90.69139520273957 90.10856946778492 89.10006495319446 88.91984830436549 88.78368129407141 88.61976886329471 88.5467855226733 88.405764973581 88.26016396594252 88.15861170867447 87.79667008437094 87.94904686612784 88.21976073299564 88.78977255663654 88.48739278993159 88.72914305336526 88.84177704734819 88.27630342841265 88.03600557465062 88.00475161673185 87.76633675992407 87.50712477438022 87.22511858434554 86.79717192798152 86.26158810432702
102.98193955554004 102.45594338630139 101.94596925026173 101.64379291095575 101.18591818843362 100.70338732301663 100.29790916242308 99.78533606594976 98.87987286565546 98.15929084946991 97.67960979242513 97.63361853117846 97.73910936652501 97.42008647903276 97.01334837848349 96.25331525861012 94.81463793590417 93.58990586186624 92.82050551963377 91.55060655268547 90.93752272158301 90.19643117010126 89.869011917186 89.21809877838675 89.30188110353632 89.39584065623325 89.07108847298092 89.01906817340745 88.98924458054167 88.61309358165249 88.74754434180437 89.20796247448347 89.61733472425014 89.66065726382692 89.45505192288755 89.34685765405523 89.22021196147445 88.89873822741264 88.63042684951203 88.39842453208459 88.0916872753647 87.90623993482814 87.54980487655597 87.12762778631078
103.47612687431071 102.62709233632256 102.14767183553398 101.86892246831968 101.7607316116091 101.40676972540386 100.94047978748073 100.20076541796283 99.35447681896973 98.2409285711551 97.68622176097571 97.65652480080877 97.8328442125887 97.91914795185289 97.73366717268144 97.2869453841353 96.42939233507528 95.43455175154578 94.62824585060467 93.6564198870603 92.56992219862377 91.74001985381986 90.74120498991493 90.72994659766816 90.27546439705489 90.16180123746902 89.84798468242869 89.84001535224034 90.12744180775012 90.41002309826378 90.05367270814335 90.149992510078 90.08105628869787 89.92600850615159 89.72381321321464 89.442200485152 89.4135860302447 89.2672721654245 88.899417418836 88.43874567300695 88.41875295080176 88.5322010490015 88.43225260562363 88.02983594576696
103.83926352000877 103.19389660841546 102.48759865970786 101.93692638091647 101.84291395404924 101.70889357325616 101.32116199395705 100.82268201844428 99.71432359336293 98.75114970840431 98.23827807480966 98.22943372307842 98.31992343015526 98.53101441121886 98.11519774192615 97.9369207291226 97.63631284709932 96.37214608396525 95.71459996698748 94.84986455216075 94.39676314608275 93.60809308651733 93.12433180688447 92.82769809100556 92.7829661507291 91.40377204756825 91.07271936588835 91.06212706408262 91.33040377349764 91.25205992268825 91.24790888892133 90.78146813896575 90.65605268253434 90.4426193974133 89.98352687342002 89.53151824401894 89.51915675402434 89.60789176147318 89.12091552964911 88.54248818108883 88.62626956179925 88.7968600497611 88.70340373877299 88.6172211852845
