idw.asc
NCOLS 250
NROWS 250
XLLCORNER 2.0
YLLCORNER 3.0
CELLSIZE 1.0
NODATA_VALUE -9999
[rows 95 to 113 of 250, columns 176 to 219 of 250]
88.9222308589249 88.57212023872738 88.07165644909942 87.68381061016706 87.01058754160734 86.27945277234407 85.76499750042717 85.182010431982 84.88334061177252 84.18102260397285 83.28286267045026 82.25834481875025 81.59744653790818 80.50964295062926 79.82691736797182 79.51867271932996 79.46003560115412 79.08804581556761 77.64215748014922 76.2984370596765 74.765199230147 73.54256880620294 72.53659230641162 72.4494297262752 72.6450935683219 72.545912781395 71.59303182063731 70.44551828360036 69.35910877999956 68.17370793436929 67.203364981374 66.30398883143884 65.96389078151428 65.71652732384787 65.2197845504745 64.33804160746809 63.467135437044064 62.949098678055 62.7150647588469 61.97953257252306 60.43457778385485 58.47494189863727 57.131077219311315 56.35836591882591
89.48516941435679 89.216965717844 88.9965585636817 88.49808125774584 88.08127747526672 87.80578709569694 86.8414782694282 86.22842798592292 85.5036323218746 85.00328303589177 83.95127143756831 82.89045960355446 82.08441988460632 80.96779640180793 80.04546091522494 79.61686162838248 79.38453717809708 78.8917907901506 77.37752298133644 76.1370491043994 74.77536329339213 73.5436853594362 72.50845054600111 72.43410333931737 72.65632901122498 72.54157531232163 71.63138355303177 70.56177387456037 69.31414853293631 67.9494145899769 66.90424425038546 66.19039202224637 65.9367876060825 65.87600409804449 65.59268052822706 64.98354806967342 64.29476174399004 63.6204758128936 62.96612664913452 61.91845433729084 60.28387447389444 58.31038897603991 56.789889979876634 56.15184791002617
90.22083317266168 89.85580275074656 89.60211811484946 89.36860685096589 88.85835973683832 88.40951049237064 87.71853729760517 86.91137445332016 86.38785675865827 85.69976652755582 84.56395195656289 83.58233674416337 82.8087086273637 81.88453027070733 80.85959798278664 80.04410029222883 79.32729698514899 78.66916215430174 77.06640626840064 75.80988489726306 74.73912397905285 73.36822487147055 72.63811199741339 72.23860902053043 72.17534615244551 71.94119974469794 71.48953467730249 70.5943954744979 69.34152649785948 67.85187807567974 66.86027924404293 66.16104593478232 65.93411610080368 65.90173015374205 65.74239562269831 65.31851716116654 64.66628196400127 64.09388616152401 63.23828544569739 61.90295527389048 60.252133370671196 58.139561672523456 56.839727346460215 56.15616481395597
90.48861459934098 90.12978961826362 90.03158429499209 89.99542595830654 89.53159927799511 89.01603801451891 88.33654525994687 87.77765238095837 86.8117043301595 86.24632954295089 85.3227885594446 84.22184317975172 83.47697896380691 82.74917493423203 81.8938623990898 80.82229914963546 80.08495105913933 78.28147743415846 76.62383213514599 75.64496659837917 74.45910758726247 73.61230155904099 72.61040470986407 72.05173337093646 71.88746170855548 71.97211368085327 71.83429252090242 70.83376421805593 69.43087025815697 67.88199979933304 66.92172891239446 66.23853639252546 65.96357311364378 65.91563624673098 65.78472983496457 65.36306048202557 64.84695679953232 64.26828961842057 63.339605741804405 61.66809343547937 60.18249990750863 58.55464206701165 57.212690486090935 56.39443683935618
90.51198156744063 89.92427051819351 89.8696691405337 90.10644536197444 90.11191738064753 89.62496338587269 89.01390886629288 88.2767984270248 87.2791032350028 86.63703695505245 85.70140384269155 84.80272855929984 83.98173157291366 83.27727448109849 82.74638806925851 81.66637344365822 80.48823509695536 78.7830076353546 76.72818031896253 75.78875707004107 74.6455505734707 73.42227061445834 72.77886800233378 71.86158965176995 71.75628826450577 71.94509989579608 71.85528582518879 70.8033473570351 69.20670715507178 67.84432460476353 66.90086880534562 66.4326532801454 66.155893481717 65.94907806665864 65.73349168631164 65.3700950619233 64.88186657734002 64.13783748485032 63.06705653288214 61.96683978253817 60.39555713443248 59.186803808972265 57.90433223431501 56.700978865373976
90.73619307815618 89.99504637309413 89.93420112693117 90.27840119786093 90.3351197297707 90.0956221688977 89.50554264004742 88.76508506772922 87.6170989884172 86.64019015267425 85.66232319065361 84.66200115412038 84.15397573893235 83.83733157896232 83.4268947607281 82.16911751408531 81.53645781392903 78.62769469935168 76.97349377584752 75.81551098436759 74.73591344181695 73.67487961179927 72.9869962136116 71.90033216252324 71.60616522199032 71.4341934591272 71.19915363591589 70.17174461994615 69.02848359826137 67.79637076613507 66.92259632535796 66.6422803296942 66.40329799282453 66.11339885119285 65.76205229960148 65.33551952381049 64.56760860927287 63.94618278447311 63.289013128411604 61.89383052734937 60.81101698639202 59.55311581353359 58.85966476689082 57.2387656725772
91.38616981486696 90.87316736489333 90.66011402945998 90.71971738567247 90.63264995177727 90.33598921701045 89.68409914384618 88.87935136031643 87.95315739900151 86.44474501260436 85.32880793354289 84.3961744089204 84.10055891381617 84.00295242948211 83.74637783792521 83.3058201714353 81.5102272816357 79.55160601983427 77.31913962418524 75.95985725016122 74.72862412055579 73.79305830553034 72.88344389751907 72.03708343356433 71.35665476046462 70.95273306319156 70.57420282130398 69.47317711063405 68.61005391358665 67.78205986772389 66.96014988110547 66.75935646015941 66.70938809297327 66.3088742122299 65.79242502158979 65.03034167393282 64.40841991698805 63.76586544012249 62.98042934551736 62.12170877656026 60.880299265315 60.00500827341606 59.448642322959586 57.94833865926306
92.12686823533957 91.70776061264822 91.45881470686798 91.19698805131222 90.96718191686303 90.55895946166405 89.82523285665096 88.83661843144802 87.71733733154403 86.62682396716536 85.05027150974351 83.95909787939105 83.89483598739518 84.02749346433319 83.93645543882126 83.57733023930156 82.34844832036597 79.66111537176003 78.23409567029326 75.99139176208267 74.88998972646942 73.8227044660097 73.09527211242515 72.46967001638919 71.35876359517302 70.7581806784763 70.27510269387817 69.00371067007069 68.28569932157554 67.51691658297192 66.97381882901983 66.7926441655084 66.7178295247682 66.2816373831858 65.62075672536908 64.77547685376874 63.985312548961474 63.30215782821538 62.65247740897029 61.85709172694802 60.79775561365373 60.02042659904356 59.442326656713476 58.62796063966695
92.5835462840103 92.2073817438853 91.81327295332953 91.52695659644183 91.22096672595904 90.7513826645448 89.92534741412177 88.80971680926227 87.7207930786657 86.75869183231485 85.25627468459429 84.0803686701447 83.9289880464257 84.12241271466067 84.08569904819097 83.78665986203278 82.54044874623605 80.25830454414482 78.4056031858788 75.94850923832696 75.02376486318757 74.03579709532175 73.27643853084662 72.58710399576621 71.19171128456792 70.48212854913227 69.72061360209668 68.8896622325616 67.946478307122 67.50330466822071 66.91133260499761 66.65721101117148 66.40375670138899 65.99910691397213 65.25598475225728 64.46630505056123 63.73101098982322 63.01682047681116 62.075976837124905 61.42282543930733 60.706468859470235 59.85377494689814 59.49323502588686 58.80801716386101
92.71092278979648 92.49182298821437 91.63921530977532 91.483977816859 91.39653590972023 90.8624970107649 89.97616221791282 88.5067041567534 87.50467813411387 86.97616048969732 86.24892745998858 85.1336937739048 84.74024357832599 84.43579956087176 84.28174392751465 83.54561671413221 82.42416470552311 80.7620152549126 78.40248943525398 76.54786681096232 75.2719716150284 74.42192722294435 73.60554646901905 72.2993768441667 71.15894621518214 70.56055060548334 69.55005408963557 68.74130643838896 68.1231210654902 67.41607214031532 67.0237679488422 66.60963066236388 66.24402098321293 65.50398653785014 64.86385573546195 64.10861695607984 63.3155071132208 62.40203208175237 61.70369556280647 60.9468306582182 60.197768920366094 59.89569382119781 59.331814565412955 59.052720592942116
92.77771166209192 92.51919457346384 91.71068749916239 91.56420935750337 91.670100906069 91.12519172489921 90.01974237814116 88.24071944379595 86.9853419853361 86.85602447387441 86.89851095527874 86.28613080789675 85.58078930052217 84.75107772813188 84.39351954829517 83.57879793366106 82.43196041979934 81.1953863825118 78.65979152771114 77.36452324665082 76.15972097338967 74.47458662125001 73.65136114945025 72.45569395115622 71.23008317940456 70.52512656315602 69.59787105981886 68.45338577920288 68.02297012504262 67.47428820030599 67.1735272707403 66.76367114047957 66.15543300644369 65.46005386087295 64.61078835716374 63.783152539884746 62.914803625061296 61.967626641947106 61.26557399471745 60.48188697720294 59.70064491464426 59.41793496485339 59.27587285222618 58.92337512459315
93.05737882237095 92.50860806283688 92.08354765460177 91.99794099349288 91.85033213756172 91.40044926640206 90.19940084656726 88.42725998470361 87.04127871835382 86.9211005235844 87.19230285556165 86.95735037969399 86.32452071764475 85.5041160238499 84.52157663540113 83.51856985284715 82.34159143189832 81.61692430285039 78.75459992918667 77.57018900510553 76.53388605482796 75.08940297665366 74.25085421603518 72.97419300724405 71.36598386987053 70.55465761040115 69.34455881398753 68.37243498584867 68.18649824270523 67.99184040152346 67.67201227970584 67.01597923653702 66.20789514468132 65.45564905624856 64.54491690249868 63.55130925911916 62.3578507126711 61.65787190551917 61.15649481583213 60.135486062774 59.11570496725089 59.01052204045531 59.15522941314548 58.757171695700364
93.25641837941274 92.63962788450135 92.19372718403115 92.11188266078217 92.03789064979642 91.65020578499869 90.63218392971368 89.30966192699071 88.13526156598098 87.71562505723487 87.6989624973651 87.40813948848432 86.77713090836238 86.14204641879523 85.0333204594282 83.18774462633377 82.1542067531066 81.43188151600327 78.83274325644676 77.47438389374932 76.8614363928879 75.75910434149986 74.65355582275598 73.33846322497075 71.74836975145784 70.5291802154301 68.88893420996011 68.48301354834587 68.26481229856235 68.46053287580955 68.3523426108694 67.22050572367382 66.16744308022277 65.59694138690324 64.6293007235187 63.286646934342144 62.08654912132797 61.438680773780874 61.26198095344176 60.320657679402466 59.1285381408579 59.0012340128078 59.06427392181125 58.607225484150526
93.49070787774491 92.86514209904678 92.56311790794771 92.47799940106279 92.25645456824333 91.76380487125385 91.07248477226513 90.04225108535529 89.22274020516662 88.57976803889963 88.23812303895384 87.72263482505771 87.25416515155212 86.2733289657499 85.17319813231323 83.09314611180147 82.06528939642097 81.10537240836622 78.77988668639621 78.02213693871752 77.21239140363461 76.59914484659589 75.52872885659477 73.63391764831906 71.9276333313021 70.8969097339001 69.25633694514231 68.51667002927313 68.26224804068049 68.4613817630276 68.33782805992861 67.01552967902437 65.9750872546429 65.78135004120703 64.92845941275768 63.41326495099365 62.10583549067643 61.430523947160644 61.272633225635886 60.554457190688105 59.63878349784146 59.17456358855625 58.73612018934539 58.15821140017439
93.79073936022067 93.11465159571995 92.6628524345126 92.55941256146887 92.35525161437793 91.92135296685142 91.32830644545115 90.60814176838494 89.93076462453412 89.33109907380603 88.8094474881588 88.101484205407 87.1346123012296 85.96548511598448 85.06011467694441 83.03835198217347 81.70365115954779 80.54776705088186 78.81112273503109 78.20597384541443 77.5858354762625 77.0356206280634 76.21385390348766 74.28295713750153 72.73775916001381 71.14154203210514 69.4442401827707 68.78827377240401 68.1141543768932 68.00726683546382 67.64536074309004 66.590376965733 65.91115151530047 65.77255733147628 65.00744817965698 63.59946092802439 62.283255275535716 61.51413897718623 61.107174101442425 60.47271643742363 59.659426818139 58.81775858079576 58.065350255203796 57.65635134687759
94.29880843721915 93.53425578448073 92.93227202960323 92.60253903057931 92.25657970129414 91.86017062563967 91.55843682449174 90.9830805731579 90.36829607003266 89.72820545054918 89.07856088753128 88.00148916579346 86.93077155946149 85.68909663982593 84.7327888501585 83.06648407450038 81.54059442090966 80.32287363540603 78.91430452470604 78.47677543977171 78.00788217660299 77.52537138432879 76.49912523038873 74.77966363594985 73.16368903419284 71.31322302439018 69.91040859426123 68.92205174822902 68.19966141780112 67.47684836950616 67.05863699265352 66.48498431212181 65.759794219745 65.43027883326275 64.68073347874741 63.422143799979835 62.34941074704761 61.56247063078782 60.97464953343373 60.28901772129987 59.30514305213126 58.232053489907194 57.398742241433865 57.300649249505646
94.81909207979622 94.07150449870835 93.29891126127119 92.58202140548994 91.91002795661433 91.78019925158658 91.63391464761304 91.21538282794745 90.62914699700706 89.66173992075328 88.89166441045332 87.86213322848772 86.66782925505711 85.3374393973101 83.92007188412512 82.58910656404869 81.6512131965298 80.29528814302498 79.00610746156246 78.29642930816802 78.17636760113169 77.91926606870656 77.01349442813759 75.20932183416605 73.24882829313204 71.94075905837818 70.6902466958451 69.51960927734117 68.24118182108349 67.25845248143413 66.83227083353006 66.23702830883327 65.48638811573721 64.93804696256187 64.20690526334448 63.21648204862125 62.27828119221801 61.52507471969542 60.874238589705726 60.08199312049307 59.10730532836462 58.13851521072956 57.373334396807905 57.254887745206794
95.21442068467081 94.73197487005709 93.80949450521476 92.77492228263371 91.91376637825249 91.79872721446698 91.7064928718307 91.33752878805265 90.47500629994576 89.7260624213296 88.68814347677912 87.71945325562169 86.40745082950522 84.61554142882707 83.36825563609254 82.43244750678177 81.52078591337842 80.87128516191632 79.45926208306312 78.39528931986908 78.22762566193268 77.8773658991118 77.1266387027656 75.88384290620746 73.47956585875288 72.18632932612626 71.05103862571217 69.58328094235604 68.56970290760835 67.71943455364935 66.5756842898104 66.14219565345859 65.13475436493967 64.50941669381143 63.879974665526944 62.94309459583529 62.24864964617504 61.25413895119255 60.642150624158205 59.98869139915794 59.24602309677722 58.46396259026883 57.67091613341098 57.21101512062264
95.58160215133579 95.44877529796874 94.43387898051228 93.20475658806372 92.44676260794779 92.06516685561499 91.7123234002988 91.13052724274351 90.48967100184024 89.61794953594196 88.54548410916952 87.16648508945694 86.05301480728323 84.22711205967376 83.11111523341755 82.06789385759943 81.49090902865356 81.34469336302686 80.37648730225166 79.16171480611555 78.43304127469247 78.08895962378843 77.05155472642082 75.39916535487608 73.84831003418947 72.62442781855461 71.19692143748168 69.68568623019885 68.63361015859971 67.9905210041312 67.18111363988693 66.07471246150313 64.9707601597829 64.3585104648666 63.66159464650939 62.6939903798614 61.907215640493725 61.129476454771826 60.60406826711414 60.05334828540083 59.4404291124251 58.71674845417308 57.85229061581078 57.24713589635847
