idw.asc
NCOLS 250
NROWS 250
XLLCORNER 2.0
YLLCORNER 3.0
CELLSIZE 1.0
NODATA_VALUE -9999
[rows 114 to 132 of 250, columns 0 to 43 of 250]
110.33488113662031 110.58851161337627 110.94086362948876 111.36150596841297 111.62666066099307 111.95100163813339 112.24985063664268 112.52542823061951 112.87048746179677 113.11630974915379 113.1453914958687 113.2077609385585 113.45137265795084 113.78720390440718 114.43707384808901 114.95437392727001 115.43335814159485 115.74419367519812 116.02087289185242 116.3366068238247 116.76088053639384 116.96537566301917 117.25989770139645 117.57611856930221 117.8116516123172 118.20471162144766 118.46779062858705 118.62601947625785 118.90839578721085 119.03208672208021 119.23748993667367 119.44255912566564 119.50675935448106 119.68001321312005 119.72343064523358 119.77319684880037 120.12075221948545 120.16399824987394 120.20816686144879 120.4977144159851 120.55325819805779 121.10107001420359 121.49432389034845 121.87959500263695
110.68279140983478 110.8941152185338 111.1690069987108 111.49515449006311 111.71657251923598 111.87807982847147 112.17763006325401 112.435599847768 112.73040779150178 112.94409347784406 113.03131491581424 113.11642905149998 113.4275454409903 113.79589115644953 114.29080945481927 114.95219807764393 115.34011167304217 115.70558825489715 116.0507993366621 116.35666947066333 116.66989029152788 117.03229370360408 117.12949987829954 117.36834183741803 117.55547219291053 117.91017732915455 118.09897930379427 118.38741200823742 118.50451976242996 118.8547989165009 118.9679020927832 119.37239588141789 119.56172978796931 119.61158701518823 119.84510709153494 119.91445812983056 120.12698606428594 120.17888277269299 120.25224445766725 120.48459132229792 120.53836427071643 120.85161793635571 121.1227485374954 121.44426872868468
110.96660519540619 111.14253063056083 111.38261902520964 111.6370337669766 111.7682934631111 111.86429870638078 112.02715591308427 112.31701217555855 112.56769047865421 112.77996500500107 112.92515093766978 113.07583898554901 113.24805324441421 113.76795771003611 114.31006631667654 114.80938022596823 115.21859246821313 115.71141222963706 116.14321248829063 116.54360264039782 116.8699698455568 117.01104602791321 117.06627794727241 117.13034643730244 117.35684202675603 117.6686432140863 117.83948457125078 118.07851743762754 118.45291591121844 118.57415329019905 118.67755574594855 119.4449376799364 119.50498345661411 119.73277275271906 119.81378198648119 119.90989434683573 120.12677850571943 120.20637359331975 120.26719072040272 120.32820156702518 120.52308272581244 120.77766619376173 121.05633132689994 121.47226710836902
111.13682581216678 111.32722506998309 111.49496143826781 111.6418017555686 111.78329780337424 111.8107862003759 111.9158429090939 112.17079022345185 112.48488747632507 112.71608237001703 112.88654949343712 113.02857348561756 113.26170771696886 113.63744456038955 114.13891411376628 114.74161651112321 115.16655726380998 115.63514819942287 116.21405111873386 116.73235461355515 117.05928220839482 117.09351028491774 117.01425707576495 117.04546261633334 117.21199084038722 117.48120544985083 117.63511541096638 117.97559896865573 118.24289367660705 118.38260686018667 118.69095463985118 118.89210075557222 119.61014178133885 119.69757446822501 119.7914810246577 119.89016564454805 120.11824777648265 120.20764792175964 120.27204168494512 120.34135161611378 120.41572076296498 120.86895981703775 121.05286467545046 121.14823679571992
111.2996568453009 111.41034478773106 111.55097684815559 111.67723486685027 111.74061031376019 111.74429607464066 111.77329002051563 112.08983859187474 112.60743740892296 112.8618387619748 112.94446202276453 113.04962011280881 113.22415405450464 113.462161478155 114.07818578708059 114.53533976479102 115.0881876412223 115.55595398267998 116.12954898946927 116.73645008043569 117.04905173767798 117.08344608103079 116.97195986505214 116.89174877409079 117.2095327703138 117.33361878776701 117.67642550740747 117.85051229145323 118.14105917567775 118.40178097506588 118.6192445950167 118.81079524891538 119.11439847199706 119.64947416766798 119.75731855220687 119.87125704526207 120.11037308126694 120.19288610336136 120.26644743323261 120.33871140373871 120.57074888235708 120.72810650833969 120.88808110075922 121.05501345117459
111.24591666389034 111.39263584902318 111.5533263755118 111.68536671272162 111.74873694988845 111.74816528910306 111.78508597434552 112.24208857379644 113.01543132213102 113.12038216166772 112.99736675303728 113.01854757656986 113.1600261287496 113.43065485065529 113.89032089641307 114.37296351636287 114.97512129299278 115.39004366541884 115.97081102561137 116.45188125554175 116.73916533599899 116.87913510427609 116.8094265330164 116.75067629557083 117.08931367333686 117.204579295126 117.57442276756993 117.76227189101567 118.07369440715027 118.39955470695767 118.5532494689885 118.86861128512612 119.01570565823499 119.56149485600362 119.70554447626314 119.84005213502175 120.076150317038 120.16781610971884 120.23729758663649 120.29454024701097 120.48179147028588 120.70768562927603 120.7670471867321 120.81046391603937
111.09503383397725 111.26868239907526 111.45031094960251 111.62484477542168 111.73854279462294 111.81535139529865 111.97338113006847 112.41441251083425 113.04900873209273 113.11715764838175 112.97256852637219 113.00994710814845 113.14272050026275 113.4229427481134 113.76357985440767 114.1737474358179 114.58286901884632 115.25268624199805 115.6502897383578 115.96386446869508 116.23334603439186 116.47860749370692 116.48565780282708 116.48371856306561 116.71800176850212 117.07403979977651 117.35839867814371 117.58599866555565 118.08837270483232 118.27246822304463 118.58219251122213 118.72270176920799 118.86149176158727 119.13947304418414 119.48252228011552 119.65803690713867 120.03354539991894 120.13974889478948 120.20002194624041 120.38625853681894 120.40373418187573 120.52427291723413 120.75691578087725 120.80687105868877
110.8009793568942 111.0321147554458 111.29769604672617 111.52889239787812 111.73358871106865 111.86140864332927 112.06880537991196 112.41113430340916 112.73674006097939 112.86056915537625 112.85277949288275 112.8875589163176 113.13213170328426 113.40341350607018 113.66896935336761 114.10840354902167 114.48984566864767 114.9136207823006 115.31974495245451 115.51983141321132 115.70227810213537 116.05847494065121 116.15041628646213 116.27110241064263 116.5678870262211 116.71610787637502 117.15347234503832 117.42323547509244 117.7774580386824 117.99641577987276 118.31488642560234 118.67874199699139 118.77278717017367 118.92581547538836 119.23907573172278 119.59183506696868 119.86302562515627 120.01232779493492 120.32252391372023 120.26367163918636 120.11380864735534 120.172642351681 120.6689313174215 120.98098440802198
110.43647861281913 110.73575860969989 111.10042705057279 111.39599808652933 111.6607420143108 111.83476345169967 112.0082366573772 112.29740289641026 112.49425349732196 112.66579396389027 112.74955589589614 112.84605168979823 113.0677809028111 113.27656367250208 113.61724612992958 114.07849534946753 114.37160350205784 114.81481724856684 114.9608851388363 115.07202885418869 115.26312536805133 115.66729342172758 115.87178668179625 115.98517162530007 116.35836450274523 116.5780849099614 117.08747783958981 117.36783003423506 117.76183957132275 117.97561239972026 118.3111951365519 118.45618626441836 118.63761344872202 118.76244020983161 119.14715430254431 119.58172030733493 119.79797318106363 120.1555755369399 120.3436612703247 120.25332127252096 120.11376712168702 120.16185472955829 120.67376546173332 121.23393360973336
110.11369376158622 110.50957184283277 110.95943740016513 111.28154815092871 111.56916287375597 111.77138246376865 111.95103942432232 112.22739060093225 112.38680819233453 112.52242179804342 112.69812006726623 112.87817829369709 113.04200943048446 113.25194264162735 113.5390969077231 113.90100259349862 114.30393867204465 114.64528262330882 114.87034351125182 114.91765608671294 115.03008099801517 115.23914795035941 115.4329640360181 115.66860910102505 116.05748671152315 116.31513190367588 116.88286049681811 117.2329005590918 117.69983692211831 118.14004842706609 118.38411185752683 118.51967678064898 118.57380786824879 118.64463277980676 118.9655610649447 119.48293992577592 119.80438087305124 120.12754254226685 120.37483837115572 120.51160918641574 120.44552928129615 120.62155426662554 121.06065518905851 121.54316657199078
110.11794202032985 110.52112690688273 110.92602915693428 111.18533927414259 111.45239881881253 111.67538333805678 111.90745734717926 112.1342456195571 112.32989684130922 112.47389396977617 112.65715065431095 112.80188891586849 112.94288215878403 113.21141373312672 113.47289152185725 113.87985954744929 114.2681657806367 114.7155121682095 114.92939106888208 114.9396362173181 114.95404936525765 115.0188953487531 115.14696917808544 115.4357411981261 115.77247480003615 116.04842993606817 116.64699198372942 117.1686582561789 117.5940591380022 118.15962156643563 118.44463217546945 118.58554168555301 118.59639585974766 118.61403251482498 118.8772089729558 119.29263517167307 119.79416370785466 120.23787166259635 120.4344102381618 120.68189331293154 120.92465500244437 121.15936390139964 121.5343853723999 121.98979715035146
110.46574564352642 110.76306365141622 110.99713438697265 111.13305487854996 111.38259551697163 111.66902299259854 111.93721724429379 112.08627881705033 112.29362176601502 112.4430239086058 112.61312077457781 112.81012939384193 112.9549246619225 113.11196041747888 113.35793963267778 113.77169528857746 114.20121307426955 114.64208875539498 114.91000277715314 114.92737072374173 114.92419105051687 114.9356125140668 115.03133577852046 115.29216376311325 115.5091314818086 115.78951112027082 116.26988537996677 116.96785025347981 117.44241948640783 118.06764798582884 118.40398715436893 118.57336878427185 118.58848423818544 118.62056483708399 118.87293386370142 119.28604148267567 119.7830632763226 120.06497896447442 120.29618315705325 120.70410421176531 121.15244054358669 121.54453600749939 121.99205705630699 122.29335161399476
110.75537438689636 110.93021115206639 111.01435526246864 111.04678084310486 111.32845995716943 111.74992609730772 112.08973030478032 112.21191412619365 112.25694643857219 112.44881466201555 112.6674992997549 112.84823639693622 112.96915745931844 113.06277223255066 113.27189609658345 113.67939995810247 114.06549700552819 114.47198859292168 114.7574491236156 114.8350365256194 114.85458876759594 114.85930461993605 114.9346865788245 115.1685190737649 115.3870314394446 115.63637254536229 115.966549769479 116.58971818606973 117.04543141582343 117.8034734786153 118.16258382121941 118.3707154884197 118.47321393939427 118.59738089339311 118.86304892833158 119.3521066542763 119.73970160254834 119.90972790957856 120.01264029852236 120.4798180127641 121.09515401531418 121.68826719644095 122.2005701649627 122.41401790391068
110.90551786627894 110.9960982957118 111.01902441971632 111.05279498160694 111.37931611602713 111.90998041606831 112.33125020598281 112.36400941335154 112.28633746522424 112.45016046747034 112.73996847322046 112.97719012166857 112.99920878351084 112.99386363343905 113.18942447374491 113.5588531704962 113.90388840260886 114.29982306544153 114.62100179277999 114.7706484960331 114.81165066822673 114.81552125791121 114.88069909575437 115.07030431230996 115.27041797514818 115.5166172864869 115.81488350000205 116.39496036666124 116.78241788499469 117.31199242286773 117.83051620713121 118.06720026809825 118.28314192560467 118.4604073290329 118.86987151683681 119.31881413418948 119.69684417773693 119.81804989160499 119.84593793966347 120.28509899262122 121.02310398688462 121.6736904631645 122.22028224446515 122.43325473692514
110.98307146035208 111.0413285260641 111.08450083572937 111.17144271482506 111.46134379294698 111.90906640146672 112.32176376664293 112.35093739391705 112.24587544548109 112.35481416654491 112.71838206153852 112.96945260631588 112.9918588255819 112.96255378629871 113.13136884846757 113.41256660269566 113.71218075767348 114.08709332419326 114.4809918296983 114.65885549919106 114.79423096518293 114.80251708044743 114.81948357766906 115.0193657117243 115.19075262895191 115.4380018646628 115.69192629309973 116.19265931417173 116.51219550001949 116.98748257016528 117.29603587931929 117.83557710695484 118.06664693115377 118.32549173175906 118.91809358318687 119.27287123431165 119.63364841492377 119.80241337254091 119.85221354528666 120.23377109057483 121.01722925779474 121.65399997924433 122.13574360659442 122.45473637055483
111.00047455348918 111.0527381695819 111.11379005579533 111.21019681102597 111.38516083768678 111.68513077179173 111.96711121721118 112.05755767181832 112.06605950859151 112.19960330236933 112.49218105819247 112.76747131065808 112.83301132397658 112.87595647287257 113.02386913076163 113.22469132616716 113.57017960773786 113.91657504434973 114.335452585161 114.52469058031724 114.68034194743319 114.74473534631446 114.7724180690997 114.89960664305524 115.05315441579496 115.25196856954969 115.57054174743138 115.8841381602677 116.2568241441581 116.68593069294805 117.08171380097083 117.58420199154541 117.82903887508277 118.28549509379077 118.755820673466 119.11881835229173 119.50340905288743 119.80707690111826 119.97061597822699 120.40309272580338 121.02957442279667 121.66478821420255 122.11598094186945 122.46326058561007
110.9755166947131 111.0157962842138 111.06337503087893 111.12318176674479 111.20142310940632 111.34292403832197 111.51298019344888 111.64946230592317 111.78243167326043 111.96471775296531 112.23401256344236 112.42572807787012 112.55298636727704 112.74672582500165 112.9252576571049 113.10754101124081 113.50448049242621 113.73157764644493 114.16384086783548 114.32940045825045 114.52261179044527 114.61968582281906 114.6752978785488 114.84796320918554 114.9830770533662 115.12759029794098 115.31021800204127 115.69540461354019 115.93262455154994 116.40652944144432 116.85263581866427 117.10024072529629 117.6573484258534 118.00788584157515 118.50347092617287 118.87491674530747 119.288436433751 119.75199904215874 120.05950009367245 120.48485930159521 121.14371583854357 121.71655737399465 122.1392767960082 122.52681752403771
110.91143841828087 110.93287234124159 110.95491120459674 110.97361532867271 110.98333558950323 111.02212931080886 111.0973022172745 111.25590082223113 111.4632919544043 111.71624255064151 111.95163591574105 112.1622697856646 112.3257067313552 112.56115595890736 112.85497218737758 113.0350659923062 113.23025648617926 113.69855406086296 113.9709098882477 114.13608340506843 114.25280374361346 114.46097767099046 114.54082866085339 114.75585822348603 114.84949396876412 114.98528049718513 115.16054194396382 115.41117687254032 115.61519272198105 116.09038631563007 116.57419281836536 116.79289002745969 117.1354172481428 117.61068734872305 118.10935763327984 118.49504884057414 119.05583114293393 119.63161286522241 119.95389347875536 120.40175423087352 121.10865894288811 121.77190778442476 122.16753303172555 122.55399676765104
110.60090757357601 110.702057093204 110.73151795550541 110.76046679902386 110.79521993057683 110.853271526246 110.87068015280914 110.98675713099134 111.18803084520239 111.47067848440788 111.71841798500715 111.94145160659264 112.23901225455799 112.44487684624856 112.61407767612533 112.78272053657537 112.95396380910891 113.40490022205682 113.67133695071882 113.92415369358584 114.06066529702446 114.337495227617 114.44409234452357 114.53135903157202 114.68659354093364 114.79870908923554 115.00385130782587 115.21276323482375 115.45819647738782 115.90924875652776 116.40951047481201 116.59919011813567 116.89581672283177 117.22416502576715 117.72207593733084 118.37704656144734 118.79867741274062 119.19725549945244 119.75915660611881 120.2763906189396 120.97606374696714 121.67921219048829 122.17199031635161 122.52186670663784
