idw.asc
NCOLS 250
NROWS 250
XLLCORNER 2.0
YLLCORNER 3.0
CELLSIZE 1.0
NODATA_VALUE -9999
[rows 76 to 94 of 250, columns 44 to 87 of 250]
109.4371642275365 109.19576565161391 110.66420812375085 111.84248542382176 112.74845985289718 113.78374735035104 113.88736349629286 114.63132854181536 115.50164908775294 115.62241527945571 115.70673457111508 116.17959101217082 116.77248747767037 117.23255420416282 117.71882884692678 118.86670310490818 119.28444236551522 119.56211178867548 119.79328305848045 120.35826522875765 120.47546301749603 120.73795817323116 120.73862382257013 121.01963918707716 121.88441713898075 122.27892520136 122.48948344962665 123.0755396506927 122.96467993897285 123.30977072046824 123.43752189660617 123.48709881007527 123.76087518183672 123.83817552271373 124.32239482433361 124.41589817888601 124.4490492549326 124.58577471768025 124.99311989170045 124.96801758636174 124.77915049340845 124.7383714396137 124.56720410994511 124.53076694523831
109.72357127681701 110.27489257548578 112.82093582144059 113.02028190409882 112.987614468965 113.92379784762556 114.04254153752828 114.7891675963706 115.67315993619906 115.84234540035646 116.00195897879914 117.46734119557384 118.37044977718203 118.69962687034398 119.06908918963114 119.4112066705181 120.14933496471932 120.3732070697424 120.55065509138662 120.92026755254736 121.01376201813137 121.24006462216181 121.4004394027951 121.45918431105204 122.0868631844618 122.44724414023779 122.75159223635319 123.22009440057992 123.43647107404657 123.5498391942966 123.76620125084874 123.95798598164365 124.08658146219953 124.5972079374283 124.63498441298552 124.66188100578668 124.69578434896528 124.84630724368706 125.27727279492532 125.28489283062405 125.13017763863377 125.11325838046416 124.94243929819831 125.36915244680144
110.16390348739549 110.6393880286181 113.02832348812031 113.25030452694426 114.59223294190093 114.82379831247911 115.0948704831029 115.88959364357059 117.25665626645826 117.95033222848713 118.09691549454008 118.63225959480218 118.84441139050482 119.11350309863215 119.40640528573684 120.04993814924232 120.35891090857183 120.55416372564895 120.7108325211926 121.14290314844946 121.41927838456013 121.73143577427659 121.69830062703019 122.07513478740535 122.36759790151409 122.67075483135126 122.94511248068166 123.49695707864612 123.70894045464728 124.07430848785575 124.34013531992568 124.54218997999942 124.58229362915311 124.77663985741616 124.96683805578765 125.11137408043129 124.96001349005526 125.12207925363273 125.99379324320068 126.06943472102974 126.58582794585813 126.51986963498395 126.50983864675398 126.25791061141688
111.01890926050929 112.45541162423149 113.54448326822103 113.50154254094114 114.24175176903172 114.70478805957775 115.09683827083207 116.65805411271151 117.84486849450457 118.1883165712232 118.77505495674062 118.97989272698645 119.20544582420163 119.45366663646203 120.07120670087374 120.29702617497263 120.49565432572544 120.71426844138509 120.83910908522832 121.42909319183461 121.81805431217505 121.85503699672213 122.11354059660805 122.38103094610086 122.66879749833498 122.93725862675268 123.48407015638847 123.7067073125946 124.13536337927655 124.3410942995828 124.44519803036553 124.77992787922997 125.26839293024113 125.28166221308987 125.58705988246348 126.05893701677596 126.19816113524512 126.43470829502424 126.73724056899493 126.79318659181538 126.92715550624494 126.96894912083347 126.94028385065944 126.92000836888386
111.1253611350923 113.60929466140345 113.74064083781383 113.71789657087234 114.26092974307393 115.37935695729146 115.95568455058819 117.47104014776194 118.04891214651855 118.41653266617261 119.03606071979719 119.26609962009128 119.50167574262582 119.74532548943996 120.33372800242303 120.52908756876646 120.68552250270974 120.85089057565399 121.19827538749546 121.50791044332372 121.9610021633419 122.12659310347522 122.52088486337561 122.78328199726619 123.05869117632861 123.25068905948139 124.05336529091163 124.25697805791701 124.64984574802327 124.85088545633376 125.05241024386915 125.5792526713697 125.79488217601627 126.03484846201705 126.36743471119306 126.51278406144608 126.52752352171261 127.04100331832504 127.38957461210246 127.48355869846891 127.27411943714212 127.3686075020637 127.4134799744796 127.40301031104862
112.48969863311112 113.66268280024451 113.7842940983886 114.69859159210732 115.80782930156852 116.32200534728486 116.90567862286382 117.7232072988474 118.09684006929453 118.64314039515698 119.27286019844857 119.51364213285736 119.75475154925863 120.00196509446843 120.57666134045795 121.19555208672868 121.27988874786247 121.36942969282529 121.42341910082682 121.84644381286768 122.19687181504052 122.38827738246555 122.86112875859214 123.41536333759011 123.7191095202987 123.92839206901544 124.34021608630634 124.51166317383827 124.87923471571747 125.07149496969991 125.5388101071585 125.92674684328007 126.38940413175148 126.68417572659956 127.24538157951254 127.3543315047841 127.02548378380088 127.56903963190722 127.65039538239452 127.75383571784153 128.01300492616102 128.17935813019784 128.36109352901113 128.37025950572217
112.50208416207683 113.72216531134532 115.1292462061061 115.99107614970741 116.55366476579294 116.8698145547002 118.0879877498111 118.78952677309785 119.1642175902857 119.58415254130662 120.16302054975742 120.3749216925062 120.5713216114385 121.09522957475592 121.22921140767816 121.32130819178386 121.38122949102507 121.48249425058576 121.60389048288825 121.99526014156378 122.69712923011949 123.13282659504209 123.64917805830257 123.94616469012165 124.3446260345099 124.7003987353723 124.78932016199691 124.96716548400447 125.12750637486732 125.30168212759253 125.75065470585763 126.47213111635286 126.62591886884685 126.9189101040918 127.43711698889378 127.54693150589932 127.73265999711393 128.01047178392852 127.90723685059031 128.01049011748742 128.2959234352037 128.52942145659824 128.93921482415956 128.98032144391027
113.69394068530181 114.63403710129916 116.05946338722647 116.93634391033243 117.36337495212189 118.19385925215238 118.52782350856921 118.88408836281873 119.44038048044969 119.81265980194487 120.41747691284249 120.55707275576162 120.74188932783991 121.25170206649452 121.36226331046409 121.41373445329806 121.47631608790398 121.91802414320368 122.0846044131874 122.5296276089826 123.26818975031676 123.68971233429802 123.91133932128024 124.18172132685704 124.73374289677038 124.87924633201268 125.04409087240788 125.27635538841679 125.59345215868058 125.72417542438576 126.4250140709387 126.67842853413723 126.91791231464926 127.09346459354873 127.54045486950125 127.97374505584774 128.32533331578756 128.58857132508808 128.66531102755962 128.7623151201936 128.53078808987172 129.1063047747241 129.3436181538401 129.60628043569784
113.86271974458758 116.39376702243783 117.324309133248 117.34520252587794 117.43171185317583 118.6364380769915 119.14043428635514 119.39984018739585 119.71418873440716 119.98286294668745 120.61773363723589 120.73387639349939 120.90683691626327 121.41270295699819 121.5182561767544 121.59692089939212 122.00508987908766 122.15966079825118 122.66139416021765 123.14964857909528 123.52369030096084 123.9341831929093 124.1298747409665 124.35054172886602 124.85944186475453 125.07318029598407 125.35733564209168 125.68078428992553 125.98940861404154 126.22355187199751 126.63082677880165 126.99405741471827 127.10700747552198 127.6886613655734 127.84162393393466 128.4200502140086 129.03883077976852 129.0288118402028 129.28762893821482 129.3750188316032 129.66678856658265 129.6592953772297 129.753663953571 130.19064874414235
116.13139226828699 117.60854500170763 117.62702187607209 117.67831861232831 117.77377771729255 118.96015247159121 119.48219272737965 119.70334787520832 120.07291665269088 120.22413949315273 120.82511266059196 121.00859456652185 121.08005951006525 121.59250503084013 122.10566140743263 122.19607121008508 122.30579427207358 122.44133128241737 123.3436107868869 123.48359536629312 123.72901256997409 124.1608992963279 124.33183875062281 124.85217786078955 125.05240626605766 125.30983247686719 125.94186630739195 126.57250909511879 126.75502515879317 126.97769486685425 127.0535996566262 127.40890971681586 127.6236566716115 128.216274887798 128.65561070656574 129.54259386999274 129.65726398386707 129.67360464770758 129.52540667701535 129.60185660308733 129.91186182346306 130.03691063811277 130.40244737994414 130.61055649779956
116.36244892084432 118.27786295489366 117.88599643955932 117.95814737121422 118.89142822129924 119.2285650566568 119.77977840512607 119.9778278697776 120.1933631411342 120.51202625690995 121.03942584696941 121.20470594947088 121.3830680271247 122.23562578194965 122.35576419913755 122.47570060731024 122.60655853249719 122.74856007198997 123.66953952748311 123.78712149551292 123.89809458676778 124.35936386010783 124.8796703349639 125.35625285219255 125.54413943080371 125.78525429032194 126.1335203559368 126.71513488236913 127.06867219317702 127.14059792951352 127.21995960294655 127.57829945546872 127.78613386470643 128.60381046356764 129.0446839018086 130.4133191938279 130.49570446064132 130.1633197157565 130.23492263052387 130.17540981815208 130.52117128809047 131.01883882897909 131.12357327111033 131.14611568036062
116.59185123353552 118.01805997712324 118.58745693200315 119.36567648629489 119.63026387827055 119.77547306687755 120.02550806773068 120.58152605520873 120.75371654511308 120.93865445606956 121.16098997859486 121.43124713106812 122.14752227125601 122.6296985294973 122.7752035946567 122.75799604942148 122.9154742349124 123.87987302424833 124.01436465582925 124.11240955763442 124.5926868682563 125.06453183883067 125.53428084812052 125.55806353268176 125.73341046548379 125.94118262138028 126.18712631621932 126.43643245540427 126.83611384357933 127.25188710123695 127.58206922186518 128.04681745768372 128.88350173813876 129.3892854963573 130.64160187348713 130.74655790597095 130.8708292779651 131.01398594188223 131.06293250506218 131.93960822583216 131.4439602273752 131.32782874358332 131.55098482655043 132.02975831630846
119.14177481245899 119.23335284748677 119.48573394878815 119.60231823142215 120.4127086743408 120.0034335586601 120.16909630126386 120.80525827760594 120.97108961203521 121.15473579692093 121.36541665329571 121.7970547096472 122.50093534430222 122.93320365310834 123.04119747995196 123.20570866363711 124.03134012988798 124.21133169475779 124.40789846132688 124.84877124248747 125.22198788799629 125.6245461638807 125.76813771810379 125.89128467921162 125.9141271133713 126.09196527143246 126.27620937790068 126.44376377747999 126.8957778202703 127.3044616651674 128.42544228572208 129.24759603647186 129.40731941198226 130.21988686137448 130.86895362651737 130.97984915829403 131.13179407489793 131.2813860469701 131.83560223504537 132.3086607707139 132.38163541166094 132.50785116370432 132.34346125978956 132.60646812983967
119.32204331014437 119.43295507947825 119.73564282249514 119.84483540755423 120.55023310029256 120.76589226813925 120.94972448196022 121.64738940500295 121.16460727026403 121.34989963228064 121.55975821300207 122.51997039139913 122.72122077393729 123.29542814697827 123.47084006280014 123.47463945578323 124.89344139078915 125.06571466850417 125.324783160601 125.45440336793413 125.43693266254945 125.73065936393162 125.96751286942762 126.13695134103556 126.25735112382775 126.43117716434544 126.60250178913886 127.1986304615962 127.346145480577 128.47374576213346 129.03164147251343 129.83729775578652 129.9692086363184 130.78270558019784 131.11260740916242 131.61151714588348 131.7396372428777 131.95478847206644 132.1248350346736 132.61015510255683 132.7558514029037 132.81698567951193 132.8807001436424 132.79614587672933
119.4964648549061 119.61992772043388 119.73541588986829 120.01264748705496 120.69074705652969 121.21496035463242 121.48498150771809 122.232012788917 122.24223782681244 122.39305326771515 123.14687871673686 123.32152681450161 123.4881780084535 123.6123000160143 124.1299121661489 124.67683083646875 124.95117902782967 125.17100024836509 125.63780227828255 125.71629591809514 125.83076993780318 125.99135629510015 126.38974814633974 126.65167906433224 126.84521788994435 127.0359172774426 127.11756406717353 128.04138977271344 128.6142822502013 129.22842249983646 130.29434525556036 130.41897866607746 131.2559345580214 131.37708898346867 131.7463596058198 131.86714000990474 132.00383478194252 132.16067800748522 132.75427049995076 132.92957152390136 133.103532399678 133.50662688022882 134.15015727212946 134.11413257482624
119.70374004438455 119.79971872586219 120.45055619696558 120.92250805987908 121.44611720849679 121.57532656646511 121.71080789283003 122.33991741104295 122.66698974422133 122.6511984720886 123.33439195050528 123.44314894766639 123.65149750617151 124.16665880028727 124.80410430888826 125.1413000174448 125.43404301201808 125.62410314108367 126.14216976139569 126.07441219155449 126.242542942619 126.33488727317031 126.61902313300999 126.88272420791213 127.08539626777238 127.28499297282643 127.94470289918725 129.04042275866314 129.57732430732798 130.2331138227871 131.0187594352091 131.37713414347647 131.48799358173255 131.6039995316227 131.9869522470931 132.1140620328229 132.2580799089784 132.7593273762389 133.35786895259116 133.54664344116455 133.76334250512767 134.294356647047 134.58711028640846 134.51718221560856
120.2492740410675 120.7593451681901 120.95201314137668 121.07225325128358 121.55479681155843 121.68330754395535 121.81594318764868 122.43315867802676 122.55393537758866 122.89641913035246 123.95198061141241 124.17604078736679 124.85630346389429 124.87560177347456 124.93780379080282 125.19323067812897 125.50169799423757 126.07514627151026 126.25480747949986 126.52833101941243 126.72897552875594 126.95007811393853 127.33549850829056 127.55316506934804 127.72780595147717 128.33991171148693 128.57320780821107 129.89091423516325 130.50500205882813 131.10181074068063 131.30625194475147 131.6193374704302 131.7154986063943 131.8261980576527 132.21898764379435 132.35192932772983 132.50183272977645 133.32406757309974 134.0360384000939 134.21467083910892 134.45069901824718 134.81803572766134 135.02561025945548 134.86468727969904
120.76301692642653 120.8846299271846 120.99989283749579 121.11385265714766 121.67742795963123 121.78111260298067 121.91160709319634 122.5124010444994 122.91573321414626 123.83961357425777 124.49180094114551 125.21934035408974 125.01609523374883 125.03755689166734 125.0489243242395 125.70780241645603 126.19363269914066 126.41381276237445 126.39376518119452 126.77214803456972 126.98770404250598 127.22313142703956 127.46548923747427 127.834991604124 128.03959663609234 128.64092670696687 130.0312056150698 130.93810361008963 131.1991045227135 131.4413172849434 131.86574924936104 132.20533041299976 132.21604516891435 132.34256025576443 132.78367215948043 133.25009512347478 133.78944490859197 133.9412383347684 134.1021527730594 134.44350998407643 134.65539680471332 135.14715898884722 135.1822954268555 135.42728686426676
120.8815850824771 120.99806382092318 121.11179375112609 121.228238971315 121.34783166273108 122.24342893927901 122.31659224018205 123.26398519465054 124.36588732349256 124.81985259477253 125.21021971560336 125.27195869164605 125.32232131442956 125.54347834671572 125.58138300120832 125.71970094311136 126.45550050091539 126.71365708954124 126.89144465590928 127.10548235278006 127.59674694001926 127.80102282419686 128.0850359410867 128.71189633153858 129.40247605427496 129.97689933015607 130.6080067341538 131.05069760004648 131.45731520422956 131.86638358179349 132.32698844909953 132.37961806666846 132.50402529553355 132.83654957939314 133.30164327561445 133.85107753393882 134.00997094825257 134.16514107016633 134.3188154655378 134.64881677543738 135.28106061405282 135.36892062013462 135.60346053843693 135.99611547807316
