idw.asc
NCOLS 251
NROWS 251
XLLCENTER 2.0
YLLCENTER 3.0
CELLSIZE 1.0
NODATA_VALUE -9999
[rows 200 to 219 of 251, columns 44 to 87 of 251]
92.23470978979343 92.22151648128181 91.86041464554111 91.92991009102334 92.2080597563745 92.0035175062574 92.55332174443417 92.36462561874036 91.44967987849259 90.51947437903999 91.25654684060804 90.66766826349573 90.63262127738791 88.5 -9999 -9999 -9999 -9999 -9999 -9999 107.87879 -9999 110.12821 110.12821 110.12821 110.69179889656476 110.71020154187374 110.734835 110.76629655339107 110.80441296669466 110.84781502523975 109.9061386994417 111.77282195463832 111.84973403945276 111.9516179710145 113.66223215370698 113.8646136579554 113.43969853375738 113.65962117240908 113.88279580511667 114.57151874235812 114.29578 114.76076640148487 115.10426527448979
91.37772610531368 91.42829057861867 91.6912516455496 92.72727 91.59341702616979 90.8178109578146 91.02207179430627 89.89338650232068 90.36755953913355 90.22570277046104 88.59339356660547 88.48363674091637 88.40095261557941 89.14167720901168 -9999 -9999 -9999 -9999 -9999 -9999 -9999 -9999 -9999 -9999 110.12821 110.12821 110.72786137738879 108.16281121305997 108.21048463595389 108.27377191719661 108.35384266150326 108.44741177836343 109.79467912093838 109.93011723514697 110.16385323004792 111.4625217912553 113.23609902347258 113.39193918315571 113.56702126127323 113.75443786263128 113.94011968548253 114.5471097083836 114.69831625870171 114.71413660385134
90.90096745525712 90.96521596472344 91.15811978365907 91.0941385140484 90.7682085398216 90.38574816879238 89.59302162698091 89.5504851596161 89.39603105211296 88.58652813640239 88.45778712199518 88.36266718343035 88.2931620935572 86.86861577147333 87.36620685399453 86.280174 -9999 -9999 -9999 -9999 -9999 -9999 -9999 -9999 -9999 102.38594 106.73328427977776 106.79583956932589 107.8493241298068 106.98527917690589 107.11323701228216 107.25697390249402 109.31809457579743 109.55308325736758 109.8020614297569 110.03821938600159 111.46717821754675 111.747865535329 113.42250053997827 113.07385270054013 113.22275667929804 113.30976924000672 114.05966036591037 114.49845399696373
90.3572118359425 90.3902722601503 90.19497127646642 90.19636962564462 89.59238308337551 89.36846400571767 89.1843526527204 87.80641086798829 88.03830422697008 87.9063706819639 88.29696416413118 88.2219558593786 88.17016760477317 86.84786757866179 86.83169895999785 86.280174 86.280174 -9999 -9999 -9999 -9999 -9999 -9999 -9999 102.38594 102.38594 102.38594 106.40568750329905 106.43713820931002 106.49092573259989 106.5704194099461 106.67504872835383 108.85548641751883 109.23572038368515 109.4711222224528 109.72866240570646 110.00565561521856 111.1863629760498 111.41900612958403 112.76655400583479 112.84166121265284 112.885150344474 113.08235510577055 113.34135034572556
87.66948241137028 88.25567346442334 89.03450828705743 88.40047635853698 88.35866784808846 88.26097539252414 87.76849313768659 87.6177618804588 87.84390303566234 87.73892806494928 88.11585006235623 88.06467043599258 88.03452078396931 86.82088612382009 86.8080261166231 86.280174 86.280174 86.280174 -9999 -9999 -9999 -9999 -9999 102.38594 102.38594 102.38594 102.38594 102.38594 105.98150626937759 105.98016220670627 106.01102662050144 106.08046050074586 108.31380405383698 108.83124274631783 109.09740465674322 109.38326285241604 109.65112250004792 109.89205180196976 110.11798405206977 111.24168708317404 112.45498421448248 112.6183355870748 112.99582221000267 113.03378888564889
87.12911192320416 87.19650210249718 87.34824985083686 87.9298919503912 88.01168236814142 88.05480253899742 87.64597746504019 87.45431594441874 87.32023466189929 87.55808787448174 87.50505123279484 87.89385167513856 87.8893090397318 86.78765623156255 86.78029190704655 86.02989547753326 86.280174 86.280174 -9999 -9999 -9999 -9999 -9999 102.38594 102.38594 102.38594 102.38594 102.38594 102.38594 102.38594 105.44084674501046 105.47685711489027 106.61746712482767 108.36749703663703 108.68215479593077 109.09287976851935 109.36602439828964 109.61351548042349 109.82589588305487 109.79627801434432 111.20598734678974 111.18269720287917 111.97677502184152 112.77249469948032
86.5689282877014 86.7131820256897 86.9101064697537 87.15028949754239 87.80530577032934 88.5 87.56340405591634 87.26790109985859 87.13683443054187 87.3615925806627 87.33591735143173 87.71227018926066 86.75333436572703 86.74930804688039 86.74960779139789 86.75195718475493 86.280174 86.280174 86.280174 -9999 -9999 -9999 102.38594 102.38594 102.38594 102.38594 102.38594 102.38594 102.38594 102.38594 102.38594 102.38594 104.61514149674085 107.04320646276113 108.22832808468688 108.31033860766044 108.70822655489434 109.05373099633333 109.3351716301417 109.54785497813413 109.6945842835987 111.13921530134618 111.64497358663033 111.94704921163108
86.0529703160402 86.22095360376959 86.47478662721748 86.77473270853955 86.78979373585297 87.32443294316275 87.14250963308616 86.9823891697387 86.9207762816547 87.14812546027727 87.15682495927176 87.52365693327314 86.6995330454872 86.70845184331759 86.71796211246405 86.04184368605738 86.280174 86.280174 86.280174 -9999 -9999 -9999 102.38594 102.38594 102.38594 102.38594 102.38594 102.38594 102.38594 102.38594 102.38594 102.38594 104.2652415456636 104.62450529554613 107.49023996769004 108.00987986766643 108.47100091155791 108.85729911403698 109.16436876819257 109.39281154479325 109.54634919149618 110.76888817779103 111.24508058779317 111.41999315933637
85.52787573835275 85.67345751153745 85.67802547548185 86.05866651014823 86.33501926859948 86.71012468136578 86.57717296460244 86.63654235403207 86.69907460463729 86.92399744366729 86.97052629706218 86.61926972120914 86.64605599648786 86.66916624642415 86.68808069526204 86.04747058527894 86.280174 86.280174 86.280174 -9999 -9999 -9999 102.38594 102.38594 102.38594 102.38594 102.38594 102.38594 102.38594 102.38594 102.38594 102.38594 103.84313005290196 104.29698464597632 105.80564622872234 106.95037284822791 108.2687964229305 108.70406671557255 109.04814356622872 109.31114626554805 109.44692415285587 110.53138309249225 110.88512952703722 111.15855286649295
84.90517582823678 84.6875 85.40354728724843 85.81047248654414 86.05487315949954 86.10021694487452 85.71429 86.38895448193726 86.53139219360718 86.53956565022422 86.33039696760412 86.3454076430037 86.60118206867944 86.63638086584285 86.66292895266392 86.05195731988051 86.04577717247008 86.280174 86.280174 -9999 -9999 -9999 102.38594 102.38594 102.38594 102.38594 102.38594 102.38594 102.38594 102.38594 102.38594 102.9836159662272 103.25123741299777 103.70944035254882 105.04921108320033 105.61554520101907 106.16325699024534 107.69934487908326 108.14126012904744 108.59837790372904 109.45000149420169 109.7443 110.60221744282951 110.9086900587968
84.92930727958375 85.1161165171762 85.38721679459171 85.68553327607027 85.90120333333373 86.00326494457144 86.29509795829304 86.39960860067197 86.1347827232193 86.280174 86.30240527533775 86.51598805764351 86.57337829681674 86.61433086976797 86.64486170480303 86.05465310041177 86.280174 86.280174 86.280174 86.280174 -9999 102.38594 102.38594 102.38594 102.38594 102.38594 102.38594 102.38594 102.38594 102.35687333333334 102.36922538284739 102.38594 103.03131725799312 103.58215639100644 104.9334362255508 105.51011442123253 106.05940287721387 106.61151431795415 107.3715771059882 107.89213630548544 108.77000285530747 109.32348241832445 110.35716887117744 110.3851839668443
84.46765665288625 84.67863901596257 84.88050976540485 85.61936159861487 85.28817835432007 85.45167862386727 85.94763764810139 86.01671707297125 86.09370195034951 86.27798110312705 86.29257916887131 86.51558836338958 86.56560994989098 86.6044634518417 86.06395791432283 86.05523157827977 86.280174 86.280174 86.280174 -9999 -9999 -9999 102.38594 102.38594 102.38594 102.38594 102.38594 102.38594 102.3437174593879 102.35189814868076 102.36131683929767 102.36669534763588 103.20465793119158 104.34873865481325 104.90487497451635 105.42286690823727 105.93019196363728 106.44688107790785 107.20608216924043 107.66660170956361 108.08665645855129 109.54991153114726 109.89193003459293 109.51923
84.36911423486855 84.60861106310205 84.81716107222682 85.01098246007875 85.18803135172561 85.33918109170654 85.92364638447754 85.98619178281041 86.04067046392478 86.26811647730162 86.28376246281465 86.53613900634203 86.5726041168071 86.60480379885126 86.06139722303409 86.0538204 86.280174 86.280174 86.280174 -9999 -9999 -9999 102.38594 102.38594 102.38594 102.38594 102.38594 102.33204743618101 102.33691049132858 102.34234 102.34712276678782 102.3480726547966 103.45427060905072 103.71192165875931 104.91015598156316 105.32939681636633 105.7675816989457 106.56653206039304 106.99586377681311 107.41386288636969 107.79696301022645 109.12035476308785 109.90206255926189 110.15135464385254
83.74527500396067 84.53776535900924 84.75085734256452 84.93641000653919 85.09981804158953 85.24004420915986 85.35656414622096 85.95192274912276 85.99592273233276 86.25949247651364 86.27497255735382 86.56135623276901 86.58678859148242 86.06356366704523 86.05685133324076 86.05090232516682 86.280174 86.280174 86.280174 -9999 -9999 -9999 102.38594 102.38594 102.38594 102.38594 102.38594 102.32552700707575 102.32833638014813 102.3308577376936 102.332047436181 102.33029891871797 103.6030898654511 103.76074384898287 104.8730058561616 105.1900909592461 105.55438266519329 106.35242754665744 106.75470073983846 107.15008557845061 107.51516571459027 108.94411200768582 109.47682205956667 110.00447978298344
83.03713656459053 84.4853452864328 84.69386623289367 84.87060133162923 85.02297038376548 85.1531880912163 85.87391246260003 85.92177626511697 86.23419558293719 86.25250737873912 86.57128194815132 86.58543404937518 86.05930242672213 86.05567838253424 86.05138057648992 86.280174 86.280174 86.280174 86.280174 90.38461 -9999 -9999 102.38594 102.38594 102.38594 102.38594 102.31722808139753 102.31837292535556 100.89366918797475 102.31918278108708 102.31762782836182 102.31370115472214 102.30712148680767 103.7253645269628 104.7421974163181 104.96600655731665 105.26778505033519 106.08601432674885 106.48392592400644 106.87782727884652 107.2396659347769 108.75048147119564 109.36259486751561 109.9451776178994
81.87817806243243 84.45940569990256 84.65286193044257 84.81722207135518 84.95830251885174 85.07876467507896 85.85606696458942 85.89744549180514 86.23047599408874 86.24705552584234 86.04577717247007 86.04923175823586 86.04969141983779 86.04824015906803 86.04577717247008 88.0954792173931 88.23204445337203 88.35598382995741 90.38461 90.38461 90.38461 90.38461 90.38461 96.51438129601598 99.53666423753958 99.6264114063656 100.46849276190859 100.57357722597506 100.69007078810877 100.8116012571816 100.9307495254991 101.04231346727914 101.14543294244754 103.60691809267294 104.48884505246924 104.61990761166902 104.88236848731657 105.75418035810857 106.18465296157387 106.60322872818838 107.61787962622853 107.90209192876092 109.2356416013528 109.38006104684892
81.68772505865398 82.95747199614325 84.06203582480077 84.20875072481972 84.33857412367908 85.01677620724443 85.32349173568036 85.66062119927905 84.98268274280886 86.03080850502582 86.03682772520509 86.04040758383937 86.04184368605738 87.32018214888103 88.13915340567904 88.27834881117258 88.41043703880845 88.52964702400772 90.38461 90.38461 90.38461 90.38461 93.098335059091 96.12546228433837 96.39266272549641 96.66642388241573 100.26156889443106 100.35671039832931 100.47095796831758 100.60153942505718 100.74494053891254 100.89911942264953 101.06420714926242 101.2373114915286 102.45388124347902 104.10553270003655 104.86444241734343 105.35633052238532 105.87095522921457 106.33946956577228 107.35170398182532 107.67917426006206 107.98036935831016 109.27115093853718
81.51833933881588 81.71034451605847 84.04428781389609 84.17462390233288 83.96749823437912 84.03848412535528 84.81807744174304 84.82551620011245 84.866785356837 84.86759097635877 84.86453495200766 84.85776000087448 86.13713506544356 88.19496393624223 88.332392 88.46982006375774 88.59996969488242 90.38461 90.38461 90.38461 90.38461 92.88054163937323 93.04901724078726 93.23411975778924 96.0772062234155 96.34350987566935 97.93260392588624 100.11138481396668 100.22579114937179 100.37105648980986 100.54623542444716 100.75100755817158 100.98796460350752 101.26092739346174 101.55563587553581 102.8472693207388 103.7641943083553 104.94875980605697 105.26581287375481 106.10964096987269 106.48494100077923 106.79372080330984 107.06278829443757 108.50088672146622
80.70782814961564 81.44960473261881 83.30309798241306 83.81731929285536 83.84499170232853 84.67304655817824 84.66435663396526 84.66193689256195 84.66187177156218 84.66406518950345 84.66794817167644 86.06205273908829 86.22865703127178 86.41471126716831 86.61483120998778 88.6649346438082 90.38461 90.38461 90.38461 90.38461 92.61226603606406 92.78108190343318 92.98510946041716 93.21209665188985 93.44702334811016 97.36829925970969 97.656864229736 97.94333165578043 99.93968665466004 100.10050315696537 100.30943932885285 100.56435889159114 100.8665261143437 101.22527940639895 101.66147281447954 102.21154 102.3676119119775 104.50690247935367 105.39403890602739 105.87175030421588 106.23953876682009 106.54034970847549 106.8036427510163 107.05087273433718
77.90507072922344 80.88466186752777 80.5070243030352 81.32793745762945 81.38926435640674 83.94701176583516 84.45710747223075 83.93869353710816 83.94669078641985 83.96322615086527 83.98670375961085 85.96728929777697 86.17592024451989 86.40904539995307 86.8072138791203 87.14752590814547 90.38461 90.38461 90.38461 90.38461 92.45112852328243 92.65221355355658 92.90225651283254 93.18357273617532 93.4755472638247 93.75686348716746 96.20406024140915 97.66282141612709 99.59528543824337 99.76915400541955 100.01096114603556 100.30956272499088 100.6537198914844 101.0342250006859 101.42288110568705 101.49867350782978 101.59530307596566 104.15334175449972 104.65099026704344 105.06244279423291 105.41029625852387 106.29488606701659 105.77484686684278 106.01152188607281
