idw.asc
NCOLS 250
NROWS 250
XLLCORNER 2.0
YLLCORNER 3.0
CELLSIZE 1.0
NODATA_VALUE -9999
[rows 171 to 189 of 250, columns 88 to 131 of 250]
132.96265286987148 133.3181812212796 133.688118833323 133.739622411668 133.79684195467877 133.8467097168304 134.13373132027505 134.53917987386782 135.026040190582 135.31408006876282 135.71320661747723 136.80437969076883 137.26439425705556 138.47490608415717 138.863462146407 138.95256506218166 139.62256033886666 139.7745799952155 139.86181814832182 140.90936536714705 141.54279648833986 141.9572280438229 142.03079803946764 142.1701007468697 142.3324527844847 142.45751919974484 142.38767108064658 142.32990748164534 142.12847257530558 141.9694671574901 142.04105534368122 142.29101929112875 142.80898278014433 143.40480466532185 143.8963945811037 144.1954140525534 144.65903506175783 144.74698381903085 144.6674423399239 144.70431187833915 144.7462927276541 144.7958786848128 144.83514763244102 144.80745397629772
132.43099625785604 132.85381769937678 133.2949705141481 133.4275100513284 133.45042605806194 133.47940292321448 133.57348393254952 133.68738194912098 134.4065455890637 134.60923561450835 134.98067216848642 135.52066567472949 136.3654454304075 136.7013432144225 138.00511453065542 139.02247225472567 139.2210171486553 139.32983371752783 139.3719216866536 139.58367851778183 140.7102216712534 140.67699663620957 141.21269959674805 141.4360257537254 141.52944437243772 141.83762846832087 142.02721778917834 142.0497298380395 141.8517221131054 141.7925398107703 141.80724413924762 141.99490270333933 142.33917345822528 142.87902896661436 143.4915953655634 143.80008320857738 144.2947860734538 144.29411169594357 144.36335020767444 144.44405095790975 144.52147481350275 144.60770999273416 144.63193348342742 144.7108527618637
132.02536349443193 132.55323329419687 132.99421753726273 133.23562982580845 133.3235125364445 133.33187903086534 133.3447099974731 133.30904953068708 133.5625641128527 134.1567095930231 134.79689568123453 135.29085249522382 136.19838636899996 136.5347222072706 136.82635770403013 137.84713908631184 138.0274845794472 138.93681760491174 138.92435861008892 139.0105458580449 139.30701537435127 139.7927706928429 139.9100201653655 140.38508073682743 140.86050451744364 141.05567931372548 141.50914767231293 141.69448698430006 141.78672067511232 141.77863239437457 141.79272512298937 141.92440897026742 142.17534377078036 142.62214573849593 143.10664910397745 143.46986796618427 143.9532971900833 143.95200850625804 144.0283592646605 144.11655295800972 144.24680308387596 144.2767170796499 144.43305417858397 144.4632185820943
131.5385991025998 132.16359051883285 132.81784942722052 133.15408774968506 133.30557245461355 133.31529877756645 133.25246900841913 133.2737461466235 133.44957039224641 133.51900625851113 133.60610659314662 133.7185210178742 135.26260279494412 136.4223678951107 136.7113580528898 137.69637992350704 137.85509051488927 137.93264102200447 138.0275021875807 137.98209007615046 137.79905345794393 137.83650482758623 137.98503323943663 139.18678148815133 139.80351525936038 140.5169545394993 141.0682981724497 141.49052495520655 141.70243943932775 141.77393241612822 141.83861893175745 141.93545527360308 142.10197184697506 142.45964359144148 142.87052598956186 143.17381956255392 143.31258470747966 143.57511055588142 143.63175412913026 143.54307697812104 143.71456131626095 143.94304968523576 143.96245023561423 144.13711600827008
131.20107958493915 131.87727215030222 132.58441660507867 132.91417895926338 133.13039936801755 133.17399995064514 133.12290622080158 133.1519209365795 133.21052310916485 133.24500843258213 133.45082569961684 133.57802021553186 134.20293962530516 134.44564574675226 135.84967685166498 136.79995221387713 137.0441275685193 137.25662831507975 137.3616262389882 137.40558316735226 137.54876285714286 137.52820352941177 137.60954695652174 137.86148105263158 139.08828522787437 139.90992980801667 140.62235868558156 141.1821297721477 141.51471991994183 141.6770348845988 141.82657561685704 141.91495105575058 142.02292814268972 142.1280117549339 142.49148658918293 142.4360115819195 142.44749713536024 142.30587722617597 142.1327845140011 142.28470798365177 142.3362122973229 142.68838579836972 142.99502131670235 143.48082500179757
130.8579182756427 131.49693617228806 132.21047202927582 132.59703961688376 132.82519072094766 132.9068559349678 132.8903795378376 133.03426218432006 133.03805538634046 133.0729015279323 133.2791996085178 133.42269632365088 134.0763530582749 134.3303034292084 134.71272377299135 135.81050525250464 137.05595087756177 137.240531625812 137.31724110558446 137.3283867122123 137.3703338317757 137.30922896551724 137.33893464788733 137.52728881355932 137.94196000000002 138.97461386823744 139.76839055369268 140.79950280477712 141.22966032325374 141.47588905555358 141.60807737449136 141.82065555070048 141.48981901150887 141.45232865497303 141.0896720777496 140.92930045112706 141.3525628320578 141.50227366451514 141.51193934637325 141.45072082989458 141.64876106240155 141.94455992883888 142.3538535584171 142.66947766102928
130.73787992790812 131.46728916079593 131.91146922900663 132.24482464928352 132.34900356702437 132.45239513163534 132.45313047561189 132.7900293370502 132.80920987602423 132.96665667219494 133.071266390123 133.23666024788147 133.91703822088408 134.1924486729328 134.61786405245826 135.1007107129944 136.12491618615798 137.23002325396772 137.28991694878488 137.28508829576373 137.2788989380531 137.20207290322583 137.20719766233768 137.35384461538462 137.70052315789476 138.28896822238036 138.95343293332425 140.03765713868717 140.5316054491044 140.84679535977304 141.0181489905914 140.83140069941035 140.79728639350475 140.26750030370061 139.86548657152375 140.07656094932304 140.31889461518702 140.56952628808276 140.4183116863035 140.46095270986055 140.62925250290257 140.93427590667685 141.56998620842387 141.89641647285077
130.50649180861132 131.12527273277382 131.47167831019362 131.7430371841518 131.8977574377784 131.9992836743111 132.02362315173735 132.46651244772082 132.59864095406354 132.67859607846245 132.80921474080108 133.00443222924306 133.61479904067863 134.00342241377308 134.46914564611197 133.4262721355702 134.73794173032604 135.38477023499465 136.39045118120873 136.85030785993285 137.05888712976815 137.15700135568255 137.16226129448674 137.33032000000003 137.6224465671642 138.12704477304976 138.69125585384512 139.2391204245568 140.20775722495378 140.04021891070838 140.16351206411227 139.5533040387068 139.45701654342764 139.32776142093687 139.42222781896675 139.33417320148112 139.64184335970987 140.01065493618938 139.81365872289044 139.7734107895475 139.8828617315557 140.18135049394692 140.4537388033868 140.7850292086173
130.4291814664206 130.9467405178144 131.18015056434777 131.30281102374258 131.43587103864982 131.50907789395927 131.70105390851867 132.05628663753583 132.19471931074935 132.30961475794533 132.4783325448152 132.53269726864673 132.23320299185764 132.0470871471024 132.51363315534851 133.09448333840427 133.89388240539677 134.58583382868704 135.70932757177258 136.33318498839628 136.71901042198397 136.93108306118003 136.95613125623817 136.84996075834488 137.00485981566823 137.16707985530533 138.5545424026826 139.01379284309476 138.89121341762964 139.0695399586643 138.1510178085569 138.6806325407183 138.9505422126059 138.84686158884887 138.7568610364693 138.9424544594752 139.02924716405778 139.1976187992357 139.34516700072393 139.17324788585557 139.22607391416648 139.46471185374222 139.78291626462888 140.19036726202194
130.4854077949903 130.6454934461441 130.77791328198694 130.8739761607331 130.93341519983812 131.11126607088192 131.1137332688568 131.57296250320888 131.68666741345396 131.59951215295337 131.83872111531824 131.58132858887814 131.29138170273794 131.23936225851895 131.6400072948187 132.14548888191484 132.76085597354262 134.02721532624594 134.70903091826557 135.7897763506726 136.19951050374047 136.4438661873354 136.50323135877477 136.42260676726136 136.2932116172793 136.3578799462693 136.4229762604605 138.3958266975357 138.02528960333433 137.69423358300023 137.6370508357568 137.539345741735 137.43091000537464 137.8559386650668 137.85601912483372 138.20305187292595 138.41296381008175 138.6330189576881 138.74248570359953 138.96085309854638 138.98588416753068 139.05997514294356 139.2027251679467 139.41305350818712
129.91747336951238 130.3738618540546 130.39475564727687 130.3880849762368 130.36439930888952 130.44539172565854 130.37799106305914 130.90938191565246 130.783822902619 129.9871586570843 130.16997223601174 130.54866654347194 130.50218831020143 130.79943611281448 131.16268800766255 131.60289624051745 132.12704405255255 132.7301163320759 133.95448535439303 134.55133773539296 135.38955038269233 135.65409780304833 135.75807197508144 135.73327233448273 135.65020012209703 135.80216398203567 135.8658679457891 135.49102088923985 136.1762897053693 137.26130793966541 137.17231018637142 137.06752012469227 136.97411648330512 137.4164290220629 137.44532983547572 137.51873633653878 137.8686975526977 138.23032113095815 138.6188113668578 138.89884020933695 138.9203621490798 138.7934507503385 138.67377593483076 138.7349281315382
128.75567708374143 129.6113425780895 129.51283802373663 129.39422433058394 129.18214361368328 128.66095567432478 128.6237410426482 128.63432161201308 129.2712259012356 129.4673588500567 129.5216791340416 129.8081924341019 130.06171302409683 130.34181802571555 130.65758088060446 131.01962068283498 131.43618064682693 131.7952108816581 132.99547974420085 133.5019221701387 134.34314091393637 134.6143073943706 134.7660863186888 134.815738003914 134.81017542357836 135.10949524744188 134.82090529141038 134.88749749170606 134.8601857979745 134.94753800257763 136.736829466486 136.6172491475294 136.52090392441744 136.47848171916 136.61146989994984 136.76904803357144 137.41418268728683 137.7636319401076 138.0544034848571 138.39110830830805 138.38723504941896 138.1115504616403 137.89572258906503 137.8479692092612
127.89678178677391 127.91133913359313 128.65724734773408 128.2582348323367 128.095514446987 127.9888386109345 127.95665624757802 127.98245443251912 128.69857960332584 128.85068877247025 129.1108068416598 129.376172640603 129.6365823161873 129.89428427861714 130.15770584937462 130.43791900304257 130.74492376346336 130.92176992814078 131.33089356703385 132.40004762718945 133.1674970321243 133.4324597766524 133.62620958936233 133.7527779144487 133.83661863055175 134.21885395688798 134.15215533167427 134.20275006134824 134.31700607808622 134.43518823058346 134.55243836511508 136.1773266134603 135.6669352850157 135.61689905456495 135.64570461750418 136.18787654885335 136.36298716797575 136.8449474764983 137.17560778731522 137.42560983572253 137.43870082037722 137.09545306066292 136.88815201725026 136.7889326463955
127.1948388836174 127.1396990579163 127.97839544224075 127.74003058764984 127.5456589626233 127.42884886620811 127.40707798561151 127.51769174183462 128.1272630514856 128.38188612041057 128.69381011140246 128.98753334882537 128.81697534784175 129.01752229592506 129.21160694272086 129.40915774861213 129.37158541135614 129.64422777805004 129.9251341355458 130.20518462512467 131.63950369762455 132.2346485658928 132.457230847227 132.64847700746554 132.81497623684675 133.29534103007734 133.47614959119323 133.63170152725542 133.79737693834457 133.95426172419036 134.09859438781805 134.79945221998884 135.20846555238552 135.1206825512137 135.08941603455958 134.99902300528404 135.0536118439862 135.93641299514073 136.1101114458088 136.25473689998614 136.10209471858218 136.07865003934893 136.05073177321265 136.08674821980915
125.81952631274243 126.08026622792487 126.28669680357228 127.33809869675667 127.13411800713868 127.01916085932086 127.05419342287288 127.15248385018432 127.3300662516138 127.76503785988267 128.0392106882634 128.28329890405132 128.4889577397288 128.6606150214017 128.8082488425434 128.6686551282227 128.84314563506538 129.01580609534534 129.19192543868843 129.37256225563013 129.5527115646901 129.9062169736598 130.8484781223552 131.59904521601447 131.81674153941447 132.09840751260842 132.8197782581213 133.08692089777858 133.3087013435788 133.50813320300878 133.46596526394384 133.59261620395222 134.76816020172285 134.638601190758 134.35037104480662 134.30909161378372 134.33401338918443 134.58048143095988 134.9271777752268 134.96410542003466 135.0418824329422 135.12243134558838 135.23158345303187 135.39139429876727
125.452670782654 125.81894092437781 126.12412060772013 126.35422616617342 126.6733470172509 126.68547215228493 126.7911968214326 126.91346491846163 126.94199603378323 127.08356358206532 127.7882994897657 128.02943006200385 128.21829078075828 128.04053181467532 128.19158276765748 128.3184723364535 128.4289967907963 128.53193713379855 128.63593751906822 128.74772261086372 128.8699329352712 129.1256507484518 129.25680353467138 130.17849235777206 131.13000010664132 131.40024040150746 132.2738025965845 132.57909761905753 132.85751254233216 133.10093363807644 133.1011122644759 133.24064353931215 133.34479534711733 134.0046576920683 133.7484010060541 133.7937998379125 133.74586624655902 133.54473178883197 133.73967405826002 133.95019020650332 134.02612538094328 134.32553093375634 134.5093660567421 134.59315721960084
125.09632895665646 125.57542242027847 125.98858723395622 126.30974852902469 126.62267113623092 126.63905669702224 126.63547397822138 126.72599299666803 126.84940920353925 126.9898783720062 127.61393809686952 127.83685143178165 127.69856374956677 127.84678962892107 127.96263387844363 128.05193778402253 128.12214061744461 128.18191805671702 128.24078795659088 128.30777382755656 128.38923354925396 128.5684350969406 128.68268108865865 128.805046616657 129.36406158522414 129.57698943813384 131.74817939103377 132.11532770520228 132.4482046568385 132.5731685689642 132.77923767441789 132.93387408008326 133.03944500246152 133.37890691054403 133.0583222531483 133.15981183395058 133.14401919115502 133.14278230150234 133.13695862201723 133.31735024261386 133.31498230204517 133.5237809695598 133.66838989698604 133.80379782282975
124.0029459656875 125.28208866596555 125.7978814516805 126.20806736696778 126.58859784717396 126.6208276025786 126.62486704878509 126.59981205578961 126.58057196656836 126.69724791414694 126.75708564056367 127.4177327976216 127.57190667118333 127.69453373365235 127.78845475394272 127.85825574830417 127.90920730617131 127.94775624311383 127.98196888944466 128.02088334539448 128.07266344624907 128.19351362666188 128.28606057020664 128.55398852043328 128.95977556690045 129.19982214326174 129.7153126032618 131.08151517734086 131.3851640767535 131.70645014243198 131.9869652044454 132.21989631414067 132.29942136113257 132.61810702350212 132.81984210579589 132.8941435275142 132.87987463109982 132.89320992659808 132.95028293853258 133.0434928592388 133.13242391010064 133.18692150192945 133.30055660797993 133.43370836195055
123.55257019286414 124.36051159066662 125.11353240682897 125.73979137732714 126.14178291536726 126.4710949215288 126.49624269035924 126.42559600985291 126.32999285561392 126.27081539749469 126.74972801855651 126.83109783342651 127.4659776641737 127.57082838863968 127.65606996812107 127.72348060253732 127.77411434266179 127.80975293380018 127.83450485151823 127.85558886852245 127.88275565977696 127.95687162453808 128.02441063001146 128.26012077522725 128.64635162500954 128.8980008581841 129.43930143449256 129.79139529362038 131.15047589347984 131.50419094395338 131.80847695074206 131.96524316022374 131.94185681532147 132.12881846531957 132.62381583647078 132.67106021845984 132.6587789398777 132.70889451420692 132.91896263952987 132.9563187973693 133.14804993102945 133.1715378753357 133.00875603741983 132.91706076598962
