idw.asc
NCOLS 250
NROWS 250
XLLCORNER 2.0
YLLCORNER 3.0
CELLSIZE 1.0
NODATA_VALUE -9999
[rows 209 to 227 of 250, columns 132 to 175 of 250]
123.4388317268729 123.45796581159046 123.37671480140195 123.76057642637008 123.7627374573184 123.76091654995635 123.90762428319728 124.23073582142482 124.5367281215683 124.4011945605181 124.52835053925783 123.96090463483647 123.97829121599909 123.91212795189027 124.32658675371576 124.13998818236261 125.7280786743635 125.72813577322383 125.67969622360468 125.70427170752939 125.61101161360345 125.77061776896763 125.77744051256923 127.0107266147588 127.22706744133623 127.48159980627175 127.66641701989408 127.83659493733933 127.99173069094789 128.20416800372962 128.62522630749174 128.71923082880787 128.78290439919684 129.0964223561102 129.19122365965632 129.40031331157604 129.4949708071051 129.64757346291898 129.67587214797103 129.59835405310218 129.56346369578586 129.56305663861457 129.66435000990637 129.67421564595352
122.84868117027142 122.87792066319292 123.09840575861743 123.11420120417883 123.13991745835503 122.93566238987576 123.00118765917604 123.51649074337757 123.24882297723151 123.8506501955548 123.73941511162288 123.7689133312267 123.78668707677726 123.71496543718368 124.13141269026117 123.95530479037348 124.884901485064 125.47219929006887 125.43832032962362 125.01819108080429 125.09086141312905 125.2325787455032 125.28118322836347 126.21050217622766 127.06203707276245 127.25009270342014 127.13689716688528 127.29276321077458 127.4347407900624 127.55961164624898 127.74892086703343 127.90647924027863 127.96561702979898 128.32319846686693 129.01585226043875 129.3128479529991 129.4281759809995 129.6234519611187 129.64194483654163 129.53682454823377 129.5122677552547 129.48690092140617 129.4840048393118 129.64087445028497
121.29700296650297 122.15714241447147 122.33920280010715 122.37503209954052 122.43101376869019 122.61954014544754 122.40179955696816 122.45091618195735 122.47855135288815 123.06506016708045 123.55389026852285 123.5794591940928 123.50142938118621 123.52031636592842 123.69314531773507 123.7961711078701 123.96910543927264 124.48488192317123 124.75200606715673 124.82547344518444 124.86897021414038 124.81685974540457 125.06110272083134 125.29905583305475 126.06088831726078 126.24734810917082 126.8848881658364 127.02530970932511 127.15303515575722 127.26704093728954 127.2715298230537 127.35644918773008 127.5300572939195 127.61598065487685 128.33765067560154 128.57533111986413 128.8263398293353 129.19535923915493 129.44792685543962 129.4022715206719 129.40045772911301 129.41266070834496 129.43477724671018 129.44429969892067
120.85253070541019 120.85977386188969 121.41756219126012 121.933653884025 122.00219264056726 121.93579044599088 122.02006268643048 122.09571150266382 122.15786394254019 122.13605297017818 122.74060656266289 123.27237819892035 123.29805350597763 122.89869176520794 122.95286826178312 123.58148853124557 123.11152123454052 123.72332040536652 124.22359627951246 124.32978865187904 124.37613129927598 124.28748479715154 124.22714500819365 124.61435887911038 124.95091614552652 125.57274571668508 126.16716834437969 126.56999997118628 126.6824118375012 126.78614929382523 127.00688727359055 127.10091946378085 127.19630627915622 127.13638680938396 127.34554964238444 127.88401811700626 128.3895011106311 128.5746471569474 128.84714542360538 128.90391236611643 128.92630938761624 129.3489500295355 129.3614844781525 129.37726518961497
120.39000144226097 120.24731818589957 120.34195894999652 120.36419229141026 120.72497153133236 120.93810232504588 120.53137323014948 120.59314370991169 120.6489631470219 120.67983279461653 120.70558118683113 120.53632747033085 120.2753656753919 120.36014730176355 121.26975108404231 120.31633444829231 121.37433383945441 122.05544589716321 122.83631898244307 123.54110656380513 123.52221482912552 123.4994137296889 123.50575911387476 124.55713875249823 124.70324672273628 125.31634952132015 125.34989100912112 125.5046211611237 126.01300689797 126.65436777367721 126.60861664874213 126.70637646677699 126.80797990152888 126.91681704804773 127.13844345223684 127.35448276803012 127.79014119274454 128.36295352762158 128.43211803837002 128.4892569636019 128.72754802860445 128.82639597035399 129.07727112654592 129.13249791766913
119.11968684961373 119.71924738377925 119.19424400316316 118.71657694135183 118.60249885005892 118.96074706624105 119.02804707238087 119.65398783885708 119.42041590665855 119.44762604566247 118.72568718718587 119.16468930716017 118.93464799549018 118.99759690975755 118.72296091666267 118.60067384458539 119.98204585788517 120.78993517825984 121.77553724270567 122.53969545336199 122.63318069230262 122.65564860025002 123.19776623580722 123.53443737992491 123.90378802031826 124.06749724238831 125.09860545086752 125.25461538938066 125.75730534617658 125.91101060206529 126.3688963168104 126.47852340035614 126.59239161753995 126.71118991278385 126.94504989554919 127.26099318194548 127.67187198007146 127.93097681777358 128.30564607948924 128.38227546349128 128.41517123456592 128.58804418708587 128.71909764234525 128.79934440771362
117.936262358768 117.59126966698125 118.16635788779608 118.0437051301913 118.06269966897304 118.4624922714799 118.57458041780248 117.85057128519247 118.05169399511334 117.68756758856217 117.7269338265016 117.15261478749674 117.464394916068 117.43501426035827 117.747192826034 118.34709200106346 118.56384740937962 119.8814245423484 120.95492108258964 121.76677070255386 122.23147745503644 122.27778226480937 122.37716692638436 123.20014263352894 123.39862179235446 123.57057515126041 123.7590912853755 124.67641548713866 124.83575237877288 125.41864702644736 125.5618762087335 125.7303483694083 126.4062192690426 126.53058204810266 126.66955546534216 127.10557824252552 127.56986740672573 127.78886834167936 128.1613917197376 128.18853215019226 128.20289425755016 128.32392407121392 128.68254833550276 128.78678469489233
116.26218113619916 116.21020470284955 116.30114438889306 117.07621382111222 117.10032177815957 116.97062010402962 117.4233327904137 117.27177059256424 117.33399702803587 117.21707735995201 116.8347398965808 116.86643420359697 116.94203828301738 117.37057533371552 117.50088568648994 118.087352449948 118.27920439784745 118.48860552986287 119.70091187843879 120.91550512289018 121.42867507557803 121.36896350640284 121.87218411359567 122.26467149084542 122.72399105816618 123.31749503070887 123.50377095205735 123.72735702720273 123.96964958128899 124.95704992245265 125.35208590706421 125.58077043676221 125.91260674218319 126.22259931361752 126.31738247263257 127.00087925993932 127.3083826694865 127.83810372797998 127.78302600215973 127.98668923140272 128.07389735262592 128.27738419384968 128.70415113687827 129.03196454178243
115.8549466413887 115.83991151237842 116.01687221985549 116.38095265891869 116.30532106097027 116.65981388019354 116.70678366225329 116.97919931360649 116.47217045798679 116.52151826866037 116.56484985973601 116.6289950159455 116.53838506721678 117.12915562659526 117.25283683041334 117.82700370630215 118.00803083979449 118.36984248680538 118.9528178649646 119.10497950187634 120.52440905927627 121.07052591602768 121.2423176624772 121.97231146182943 122.17154249229034 122.68051811619841 123.27581224163929 123.53420440825637 123.84655532205659 124.38566045983444 125.12677413125984 125.38813568978081 125.77117096540553 125.8922882610076 126.15122266057246 126.66116649634495 127.10563486233484 127.61035536767925 127.7034965900306 127.67737415872456 127.98299834924634 128.14162342168234 128.34453079085515 128.96510190289268
115.44179135909837 115.47079062267449 115.334634191197 115.39479947072401 115.58985100986848 115.22377422240844 115.88229526094332 115.62115750622954 115.22931521849164 115.25121130754346 115.85946940030402 115.53693522890033 115.86987532108908 116.18340587814848 116.48430835413376 117.06116847844511 117.91672555131498 118.1223255186658 118.68087397701436 118.86327158070466 119.16697430784362 120.53535967892361 120.99343854531668 121.40427385215494 121.61570272856497 121.889552161011 122.68339643464448 123.30117952300408 123.6377379683307 124.22776730591461 124.54496888731246 124.89295773474005 125.1107262576854 125.510078062499 125.79547957786382 126.14664738986608 126.47804134971928 126.89204859863952 127.37120532030016 127.44040838125044 127.8601411759841 127.8027284883609 128.02674285145224 128.25667134991338
113.96002807760267 114.27506548815673 114.53771679122721 114.70354125180523 114.37661448167083 114.09882586630965 113.89923251654463 114.96294738975887 114.95817652753837 114.64172416122386 114.71272722786699 114.8126322047616 115.18574723741789 115.79885374105187 116.25138923582905 116.80784356067205 117.18909005323825 117.43213157957861 117.84511526354432 118.68995735296805 119.22490853165598 120.02454648630209 120.35963900673802 120.8820903939197 121.42488344586164 121.65324098022523 122.17672718313 122.79412857196263 123.1033246891324 123.596273987727 123.79317501413729 124.43887046911192 124.42262870227347 124.5638888130025 124.82278388716264 125.62326483150557 125.82649986514893 126.34332599119053 126.62170907077132 126.95520624851613 127.37321294103585 127.63223701301034 127.80930781702664 127.96954765799788
113.16564806812875 113.46958589245119 113.62381946650788 113.77963344016399 113.55176742813902 113.66157171461646 113.58976090117349 114.19091823452803 114.3530024581013 114.39906197155457 114.478479712698 114.83491071975281 114.98280347017065 115.155698249412 116.03031511036522 116.5567306222957 116.96024546957715 116.96308738437628 117.61164208815326 118.04528423162651 119.03753949458302 119.66443233689185 120.00459554912035 120.47890799489278 120.9251614311805 121.12957556689331 121.36774108970283 121.91324204359297 122.50987111751787 122.98974504832803 123.20202560359631 123.59700018300074 124.05272761878553 124.2102752662676 124.505691603523 125.04798304682778 125.54222842274085 126.05335111009781 126.23087215688136 126.40648872478614 126.70527376819264 127.12160945360996 127.28219001797405 127.5264507945511
112.93111854875812 113.15621339879038 113.0446779455342 113.11833585199419 113.14026039766382 112.84912609483428 112.7866538349129 113.12651095153359 114.08699811992167 114.13947887105103 114.22891013733332 114.60289425591228 114.77259346087347 114.9775957388272 115.39892046851777 115.8842244614337 116.49251832375164 116.72566369666175 117.02020366462722 117.74761200015107 118.30074141482238 118.68789289549673 119.2344651270233 119.70499805756931 120.42089597681549 120.6036164428746 120.81703499999664 121.35222525793282 121.87199773477103 122.40324118744289 122.84604949357862 123.25059637960243 123.3819125688713 123.87753387931184 124.24199530508581 124.58953569813262 125.0958501232732 125.306914197304 125.65642331743308 125.99296464513111 126.49698198038509 126.92213355923643 127.08172158562606 127.08408623094967
112.38526607862035 112.32372932503539 112.3321078300787 112.3452929381888 112.33994326999805 112.40584234852109 112.5025078187049 112.8613093592875 113.03519668400868 113.85608658839556 113.9555879495158 114.34760325608295 114.54215041559212 114.78608723484503 114.98689198922473 115.69471432964994 116.04999639007868 116.49686247594637 116.77576563588951 117.59550520478221 117.92956245224391 118.23886934966998 118.49303349422445 119.46562830763851 120.2166839529238 120.39096327907725 120.5831354918146 120.82663843353357 121.07787652342338 121.58190398875963 122.29860621643095 122.6328819507661 122.83072124502073 123.32970219609908 123.74418268838446 124.11564171189805 124.69769092766136 125.03397907717161 125.22721566823535 125.59833967106125 125.95997792464318 126.5937272280359 126.74861065936867 126.89408358424114
111.62809910735749 111.68345110356798 111.60621227720301 112.08747653715123 112.06695596345875 112.14486176214226 111.77816625879166 112.30881132208884 112.33539701263592 112.62073383593246 113.18852590759039 113.25280620762501 113.50583059942133 113.82838329340616 114.86852725441769 115.53798072118829 115.72154407822406 115.72561728963178 116.23069545911272 116.99750792889887 117.29022780030785 117.57905072462168 118.01178750380359 118.37984812305915 119.81561570855406 120.03263121929751 120.18298815404182 120.41311691599307 120.66506946273792 121.1303603877676 121.45165896506305 122.35458442279496 122.57403306344838 123.0559358569506 123.40519008554726 123.76448605821163 124.15784167207273 124.76323614816943 124.97440584220018 125.18917031376793 125.4985841395003 126.06947303062066 126.56196959385768 126.71028418816068
111.3429152163645 111.4522804273565 111.38683638025078 110.91047110027876 111.00636411235631 110.97297867209538 111.014357438118 111.2326077380387 111.64802619228166 111.91767856188979 112.04732887650017 112.5392125193373 113.22719828215634 113.35895358318766 113.89256844627039 114.44961068373415 114.93365333461374 115.24781582071344 115.72204138215412 116.15485295577916 116.61092635603535 116.87674680444171 117.31547618031637 117.65100135992769 118.54520145130137 119.65107074410165 119.8205157206547 120.27435826517768 120.43992059652003 120.81105274637052 121.12780317021229 121.62466457623523 121.83893265337454 122.11109157152707 123.14744241147243 123.51743203518234 124.0086708339389 124.48501633045808 124.72135679314998 124.90507425194417 125.12317569452983 125.71749106467412 126.23282147952781 126.39214865039585
110.3778361855683 111.20560807219675 110.73735989266244 110.67572392163478 110.79180889297325 110.76787195493002 110.8098005249512 111.02997711621745 111.4025091859459 111.47599098754972 111.77214924985174 112.26313592885278 112.39113508138186 113.04576235654078 113.34835890245724 113.8364009904088 114.07530877674898 114.5365248892275 115.13453637826778 115.79027811914605 116.05695971894919 116.59060220744365 117.01013460882929 117.35406926483881 117.92684594169205 118.77824218231852 119.26495843204025 119.34164609921102 120.29373769493745 120.70055856507787 121.0244427700892 121.24611917698948 121.72888148604447 122.07487360116265 122.48189922291057 122.94781048181677 123.37442075051113 123.98700268293948 124.26822815271288 124.50629539545598 124.74707148205572 125.16815648122031 125.89895751869899 126.10528202382473
109.63408154800575 109.88841652147852 109.8559442827634 109.83097704826334 110.57632131409868 110.56323422668623 110.60964737342415 110.83033251243577 111.1372283215719 111.1907955033005 111.37159964236537 111.85187971298038 112.13934729298082 112.43791338922526 112.69694656668828 113.16500925223852 113.67483052600089 113.93850423524368 114.47940954084038 114.93091847684326 115.82564887272714 116.35262320559501 116.68899105771835 117.06522563364476 117.41124046022513 117.94135455847213 118.81048506999265 119.0638617541799 119.35375414869563 119.98050860896686 120.76042552076959 121.09399397051331 121.61270862356582 121.99727017050135 122.41124006165562 122.58260002115989 122.92741325792986 123.43484317004093 124.0309103090339 124.34987724204905 124.60156535108187 125.01499210663201 125.21407006795513 125.7353264515069
109.27301651763702 109.26110186081446 109.56904964279181 109.56269795347445 109.77637501499602 110.34778041552275 110.40526711290546 110.64232481224562 110.6584090958856 110.84702985225323 111.07814897939524 111.50961167749661 111.80658140979294 112.22383589320356 112.49113926104046 112.85658188940036 113.11599767343091 113.47631617911456 114.09186874572833 114.4712951348378 115.06786687531593 115.82538399653198 116.37621787064046 116.6587873963861 117.15267946335608 117.65122409245498 118.23261574364332 118.7561106671307 119.00105789998823 119.26539588483638 119.83597050228552 120.90952108514634 121.15988286691534 121.78470038926844 122.17866715880054 122.5631714694338 122.86852225590187 123.13215638623726 123.95344958072113 124.25314930493207 124.48855424535222 124.88221193783141 125.06008713083581 125.56877695697708
