idw.asc
NCOLS 250
NROWS 250
XLLCORNER 2.0
YLLCORNER 3.0
CELLSIZE 1.0
NODATA_VALUE -9999
[rows 19 to 37 of 250, columns 132 to 175 of 250]
89.83356743700534 89.07629356396805 88.46792557274216 88.07802406379346 87.73339965754641 87.33223476720627 86.36057850159177 85.34072200706859 84.67612540225032 84.2451600237217 83.89657398595402 83.55906634328323 83.07291341865611 82.78006545772998 82.4156420792709 81.81759334182142 80.69340010696946 79.61575228429341 78.72291428694737 78.54316122775748 78.33535743888139 77.97907144428336 77.04539686732083 75.93159533303611 74.81972417310423 73.56346146592125 71.10068240893557 68.05886496454653 66.12119923818021 65.78445167996342 65.73513724163426 65.47033005745583 64.89764219648109 64.16926106887018 63.1934062216285 62.63651383326119 61.68504551213757 60.95305652280099 60.109712544362864 59.205724443951134 58.32004724127572 57.10416908189996 56.000468015867284 55.52650394401847
90.05120880330117 89.50932523914457 89.04409112456955 88.53988536635819 88.35557235396446 88.23087698077498 87.24588409061744 86.05002379572835 85.17669201792998 84.65752202407735 84.41359900084748 84.27579280665466 83.91164476731836 83.50855309785175 82.98201315506553 82.18415671841457 80.75408336443081 79.21838294806538 78.08106353108212 78.02746553324437 78.34191530189761 78.05186965754973 77.67796869825204 76.79037715380198 75.24278828370204 74.08041040757296 71.73699305851937 69.54680784688237 67.86911661488925 66.92376334732896 65.38774790242978 65.08857297778074 64.64680755536799 64.11736021678476 63.19070626647526 62.66686163707553 61.74106516299157 61.14176687921886 60.51857843726613 59.81325627411811 59.02022261617495 57.69556926425176 56.65183304808859 55.560245246075404
90.3346300155155 90.1203966806856 89.93796752501521 89.28067752324627 88.51715296390199 88.31811379149629 87.5055237954173 86.3751180761086 85.40400830031719 84.74632738339686 84.50538472725644 84.47232237496922 84.29474554975504 83.94734827085348 83.42389420822758 82.4656369920585 81.13609559544982 79.31804246789027 78.10116406379045 78.0240270103277 78.39062271009405 78.14838932419309 77.66922846486325 77.0229928661105 76.15469050449211 74.52536853732471 71.93317742168908 70.38304613447796 68.92367805998896 67.75414807146842 66.67185274368222 65.11964289330194 64.64480277441356 64.2134981204458 63.29027795066139 62.84145001398647 62.37316852188961 61.34848733338652 60.78040503151573 60.143334159300444 59.56551687917297 59.031092280205755 57.050945329999784 56.471255271155954
90.65672434090254 90.45295014789122 90.68198789692511 90.52011251511168 89.14914572314541 88.31509669293321 87.5558999841464 86.65732645645951 85.67059931051423 84.89111661803253 84.54214805717936 84.50667794912964 84.42810948681802 84.20518817804961 83.72148340739362 82.98709009520265 81.70313030101856 80.14024606945935 78.94159983056991 78.70990695812597 78.77734899262515 78.5578666622867 77.83016670005861 77.23105089913126 76.48288476888771 75.51165992833698 72.39863514092627 71.38758419097232 69.44348889658384 68.03713523837712 67.53571709287998 66.35677606313604 65.40475234406621 64.63438330070532 63.43240213176253 62.99965266565237 62.57497889318106 62.099024833610216 61.03145965375749 60.53140259879963 60.05561784214623 59.60920475840268 58.03016400731756 56.93123705210432
90.85341162326347 90.64499371159756 90.75609560838329 90.63377605384001 89.62005001052523 88.69741517182642 87.82450417820839 87.15192945481982 86.14935800172093 85.31148807249147 84.8200742912729 84.62742630737328 84.52662457634077 84.39654378360713 84.12209101619308 83.58089183472377 82.75387013263598 81.29125011817237 79.97736472833745 79.59231306586686 79.32353091975997 79.23625840069604 78.1085884222012 77.51442539045996 76.74423605608388 75.8392541788003 72.79589485417284 71.43999454521867 69.95664704980496 68.99230928845756 67.89947875097592 67.43368197696977 65.8292638565139 65.41379537793583 64.03762574712668 63.53344578412794 63.011093478911356 62.505753484512795 61.464579962704754 61.010889933055964 60.59988096038805 60.21798907061568 58.52518392646464 57.501281126518755
91.07209891589305 90.70370030049749 90.46122585519345 90.18878551975637 89.47021171709208 88.98512084450762 88.65487357144548 88.09135618574146 87.01936133089235 85.92784834618021 85.21522032691418 84.77021602347185 84.53295223362177 84.48675054380199 84.32703916682458 83.91473443732119 83.31022853990493 82.6383148348465 81.15681703124456 80.49597335883246 79.83433745574433 79.59756049655435 78.91456314299529 77.74275215153159 76.99259118207985 75.89720961205245 72.67017089376353 71.70457969593191 69.84261163087508 69.2402161723341 68.7556959428902 67.80261322308651 66.84567827698902 65.8052008390303 64.77209915475927 64.14367322434728 63.50147592588743 62.60815056213782 62.11695009458457 61.21916229459165 60.88045037828687 60.022814117532015 59.140658406561556 57.9313444303845
91.61200356645593 91.05976081886118 90.43510484959572 89.96135738875573 89.47391940654205 89.19365599902254 89.39785950346095 89.25432200926356 87.98547741679711 86.63011430983396 85.58417669460177 84.91355845688503 84.55927971072566 84.51216776484301 84.42519053334578 84.12077934403226 83.67045368178073 82.9101998984775 82.41244651584839 81.49872297102941 80.5392578685955 79.92840006891039 79.17210173543309 78.0033944372884 77.08934282024273 74.91417673439884 72.89664829562146 71.42805107107317 70.00502436302116 69.39978996426774 68.97015883077152 68.22660311651967 67.834195212657 66.56920273914962 65.39543617792638 64.58813178818721 63.77473367858603 62.81969293681433 62.22010394483911 61.8090610739103 61.154938181818736 60.45887924672395 59.63760955880043 58.09681147861292
92.08020409555392 91.42574692894564 90.79592663635674 90.13859366104086 89.4975828460744 89.2742161795259 89.42849064497149 89.31987923486557 88.23141676914781 86.99411238039133 85.97744978947193 85.29574951781011 84.87794872217466 84.71833371364329 84.60912623286676 84.37619661112734 84.02577622844247 83.32390005087917 82.73810147146395 81.86499116390718 81.17187606330121 80.52654727202986 79.80428723629522 78.90759676381113 77.39632407344772 74.25646310012826 72.93374239303388 71.4306784445487 70.06545731582733 69.47293107426245 69.1154990237947 68.8796155726818 68.33743723161749 67.58521746134991 66.02245304427784 64.97517002782755 63.93201452745484 62.816068855423424 62.054075019023344 61.577995445618086 61.2525477087766 60.55545561452832 59.90602929635009 58.55828290210408
92.870481089727 91.88345567459348 91.11568598562147 90.57062427579764 89.77364238642085 89.27439529190494 89.083891608645 88.73741787149227 88.10365071107456 87.06274405049837 86.29134221490348 85.68808577227276 85.26624372043237 84.99779978323028 84.77151622775274 84.48284477166106 84.1168822161068 83.24103510422019 82.83449684438017 82.34512047601753 81.68695342807374 81.08062237132482 80.10116349311244 79.53264282085331 77.72915143483458 74.35774336107333 72.50886381071683 71.40955432377748 70.07699344087703 69.5064646576086 69.21969465275805 69.12814864025424 68.97157092845568 68.15361987414758 66.53240332839086 65.18745889061671 63.88198542101553 62.680396714492616 61.67996696767613 61.07567411556768 60.78774110368786 60.53785591761621 60.22228096826121 59.410532415115945
93.44907354959159 92.49067754030402 91.54698833779361 90.94803736427305 90.02962953390424 89.42162223478496 88.93585352983035 88.54250275484688 87.9709886211656 87.36288289265269 86.58640817987785 86.07411874030043 85.64712061325342 85.29128722612622 84.94780965504454 84.55618443273511 84.1029691874489 83.17587142593293 82.6122130339758 82.28227738730179 82.04862383910358 81.51119539747057 80.39186726138044 78.99618818665265 78.08795907376455 74.40775547518196 73.07399079661259 71.49234872686645 70.11950891803158 69.51784259370733 69.27840301874016 69.3142747238263 69.25564109493872 68.67230453179265 67.31563166708388 65.30139430052793 63.84376500784147 62.48126945125085 61.27945314620013 60.54271412781507 60.488472738459606 60.54052359879869 60.50199135806062 59.846892806084675
93.97441098723628 93.01527360351301 92.26915825368489 91.62619384933446 90.86229300740978 89.51181090654082 89.2571730384175 88.62198924329539 88.04614247312956 87.64109309238384 86.94438021474274 86.48173141342824 86.03113889969727 85.58911893153555 85.12254593582077 84.59397505071027 84.00597664775539 82.88064752865533 82.38792365948022 82.05980479054297 81.90721558620407 81.80827787304078 80.98059138442117 79.06023925751663 77.63551942916764 74.71210471857356 73.2535823648916 71.46320761490749 70.19182268552427 69.53706371130572 69.27289011268414 69.2908941834123 69.24632946627847 68.6164719270235 67.43870778418555 65.46261133546881 63.87562173437259 62.57911148478688 61.36677704693047 60.5532843020136 60.49498227975408 60.685757978547976 60.72050925409765 59.944028995481865
94.6675178358131 93.52195690237629 92.73829875034883 92.07377977538353 91.53537353842314 90.10512571493531 89.61090435602124 88.9447458670363 88.46958573662656 88.12129447466147 87.43823729707805 86.96468481174972 86.45815276628673 85.91697680798629 85.3162941853403 84.6489574761098 83.73024126708307 82.65953271233684 82.08178298010031 81.75065986746012 81.65879620056668 81.45836624516656 80.89372290401074 79.72587288588446 77.98447818004355 75.50662302556907 73.44703118969058 71.61502753291688 70.49521478544406 69.71150061226797 69.28565520787421 68.99213294229659 68.78668686219213 68.11668380624526 67.02923397872135 65.2347053777645 64.12297103177721 63.08723967415211 62.041337427051246 61.16470475260031 61.018247112481106 60.81926891991141 60.68304116281652 60.29790905444985
95.1564226314142 94.23189379303464 93.39925339186452 92.6942618973077 91.93139031431292 90.68714046597356 90.24844937117699 89.94175101232571 89.17112876858253 88.81268598506782 88.33150867556647 87.55054812680928 87.03107086627084 86.36639117820239 85.61251534077071 84.61403685212879 83.63240562149537 82.51210319393005 81.83881776747042 81.4701567224101 81.44520025460433 81.35707802492529 80.93645059753177 79.93267837951498 78.04163845267817 75.99927285771338 74.38266140104207 71.75281129266112 70.59602199711527 69.74834859119682 69.01103547302954 68.65938369563973 68.23005117561279 67.51804464831629 66.55513588114084 64.94289106497035 64.13277051323317 63.428370652069525 62.793171803099156 62.115092661769054 61.69923923417734 61.30571360865487 61.04285699464152 60.593406492747604
95.58622669035452 94.60901388528352 93.73010859738986 92.9913443592595 92.43603922093645 91.22580522919726 90.91578031097042 90.77930874874585 90.48275165256801 89.88205478013367 89.29286002669697 88.43593070236163 87.73909276884812 86.97087894429337 86.08643009450219 84.87095206535896 83.73470912979462 82.5055820315186 81.77532122572815 81.4336558742946 81.40350853664391 81.3675390324932 80.90505755628564 80.00974054163882 78.1012084715426 76.05815365885573 74.08792070799299 71.98057461611246 70.76268913882092 69.58234030069688 68.9016498651235 68.33173599640219 67.71266992341089 66.93234759639198 66.02993708836573 64.68164515893423 64.12441123113197 63.62707687290507 63.144854250803284 62.466654111809895 62.197986784675585 61.971444859435756 61.281001749346615 60.72628122910215
96.99352012646337 94.99344305006225 94.0386251629505 93.23430641016841 92.61782404075562 91.52576324051468 91.45737757212241 91.53280228589364 91.36040224074243 90.8071150289083 90.11840638359641 89.06152140694594 88.31530893337957 87.48932688332316 86.4507222990824 85.32277420420588 84.08489615214253 82.90969644928009 81.9255784539104 81.46636955190529 81.39753355825631 81.3413147809198 80.86870979440268 79.94037036962861 78.36350215868251 76.20693640656066 74.03538258011514 71.68486110482627 70.47621205708371 69.53116683875464 68.77297369365908 68.0939750169095 67.38100876218239 66.56253020629784 65.67365553625446 64.52695596052425 64.15064896398677 63.71403721199876 62.995352358629155 62.46164655105499 62.352266779124136 62.18293299129309 61.47675002479964 60.84589116442645
97.55160710281928 96.02131902281971 95.0472303083895 93.62309728116598 92.72303956857276 91.71244758411763 91.78279428023771 92.11318912480189 92.0545482557448 91.29310250677078 90.54182279839894 89.73363085446725 88.84717028510312 88.01664459666038 87.093197827194 85.96540435381047 84.69488274087149 83.47625875200072 82.38534175323878 81.61513608302663 81.47700220682582 81.34646030586939 80.740206819551 79.73285880517128 78.11282140233139 75.94078625049038 73.6926697648515 72.23308425507278 70.37336926831631 69.45559897633294 68.70078817036138 68.01371100443308 67.29427954415729 66.46784943452589 65.5497639372415 64.49571156278448 64.29511764583354 64.03003075885798 62.36880151716215 62.091572107140586 62.305363394093945 62.270118197985596 61.60297754677929 60.92282438528375
97.93187338635322 96.75726821274426 95.45493877070507 94.2366675584644 92.87811818446261 91.77238463053571 91.81130829714648 92.10936884900109 92.02738135523323 91.31115588015987 90.81245027153244 90.0791027075779 89.33107899649512 88.68354384593115 87.92869935631973 86.71382471353122 85.4767317677187 84.27396805656682 83.04636196214018 81.94861439919056 81.63925459573176 81.36070265882188 80.5455655873741 79.46635341368463 77.51126280220333 75.45608676015121 73.38857251267444 72.01424533880774 70.21468658839406 69.37687442209736 68.70002882831925 68.09698161198355 67.46118255590346 66.68803104012433 65.7521628986345 64.61794847762445 64.32269448993016 64.0278476009018 62.384928380562606 62.10547046029544 62.35117843667291 62.33550524060742 62.02549299652327 60.93784726478271
97.99398016595464 97.10581805917218 96.1363739710667 94.82490406795336 93.49057387206781 92.35733310796425 91.95053512437549 91.5578086028782 91.40712402846448 91.21433234392605 91.10302683967429 90.24114109337185 89.38613586622147 88.97658892393964 88.4558895909207 87.68185689899812 86.51624237138894 85.0857221758481 83.6625817102726 82.3431279730913 81.85460915847764 81.41627437160295 80.39627473707377 79.01223553217181 77.30071790911738 74.9618844306382 73.53867244914882 71.73489985546044 70.03184620530637 69.31104124969004 68.76559430911054 68.26028907077092 67.81410160767236 67.20507316326126 66.13952250029952 65.08700326368718 64.47583413991043 63.845016075237716 63.0949103944525 62.61001634358903 62.531729038498426 62.34977632956599 61.94001275589569 61.295346740803964
98.04763352190754 97.21052307857728 96.28572841744992 95.32079786435457 93.87930601754665 92.67071309087824 91.85723085294268 91.40478092022275 91.17002311490326 91.18962117766465 91.08847120013566 90.06647681103689 89.19947011018702 89.09406976518012 88.69218373386795 87.87034191701933 86.80503459892839 85.63964923715724 83.81524225272041 83.03382747557671 82.00038501356342 81.30710587709065 80.04220750737525 78.65565232519978 76.91415201782443 75.0221067193791 73.753554530666 72.54187146400449 69.71134177374014 69.15838843640869 68.79305749192666 68.5582243594196 68.34166969984952 67.95907099128489 66.78437870733543 65.86908287451836 65.04155022886457 64.21872317628525 63.67278565102393 63.10079886781916 62.818936844826275 62.489109427426854 61.89163103842596 61.1611845871503
