idw.asc
NCOLS 250
NROWS 250
XLLCORNER 2.0
YLLCORNER 3.0
CELLSIZE 1.0
NODATA_VALUE -9999
[rows 190 to 208 of 250, columns 0 to 43 of 250]
84.72420797970811 85.1486662149954 85.3534322224482 85.29544818579342 85.32794803859746 85.35226784773708 85.40231055783285 85.50176969757844 85.61525707477261 85.70944070629211 85.77341546354029 85.81204504839121 86.18809855633829 86.27713788507684 86.36174950055265 85.88774031463284 85.98998603594633 87.12119647752739 86.69070804389902 86.81779638462503 86.95379613620032 87.44249510215991 87.1344978987057 87.3921921213547 87.67879720893227 87.96779344903044 89.11625129932702 89.17862967417504 89.27964184509827 89.1811953349491 89.07926017189006 88.55892461649854 88.43577570355643 88.3190563760445 88.20703400043458 88.15167650784912 88.06580672217459 89.84605661667908 89.78263759450188 89.7299115760152 89.69182412778248 89.67087575050671 89.547140843228 90.04500412745071
-9999 84.51412944079445 84.47053885914977 84.43672253568741 85.02676980461735 84.99314826477257 85.02805305892419 85.19732890090808 85.36594003393803 85.48410683380624 85.54954889381672 85.57305572218016 84.91028299098642 84.96414062535735 85.60450741794986 85.12302513908499 85.16527451546153 85.20902819705384 85.3430956832439 86.54369938313317 86.0944356172099 86.53711230807735 86.71661988151475 86.91804669767693 87.13521338692328 87.34587785564169 87.51017516624066 87.46492346747603 87.73249705347934 88.80575433271805 88.36838904721465 88.27533913420423 88.1812936703412 88.08658191698586 88.05570756477283 86.78638493156632 86.74826930600497 86.71958750521726 87.03725765179209 86.98198960065623 86.9407687887374 86.91228985410982 87.26672603154651 87.3162466216675
-9999 84.42328538391143 84.41705146341084 84.3813536843633 83.95794269605277 84.11858773052379 84.09998933055279 84.17768874282129 84.23277452913956 84.285085737801 84.3452939415718 84.28104620468865 84.47722884817875 84.85005244582061 84.50640393067425 84.49416956568108 85.02599021135325 85.05515830935214 85.15023967000452 84.40334973183292 85.79657646189202 86.1501870791447 86.2767309074676 86.41978077356332 86.57654621799611 86.73456186952875 86.87256494790812 86.8976833967375 87.18311230200784 87.18359859418577 88.03620346629555 87.98631211579625 87.92582099783074 87.93564856829511 86.73399025333903 86.4585490091836 86.43490761596752 86.41779923315 86.40646581100704 86.90823803868167 87.52231432173369 87.17762938399555 87.22419074626917 87.2827321733016
-9999 83.84839494268765 83.90910050787808 83.89112859180099 83.82017723283222 83.81993473513502 83.79194611559939 83.3417898311611 83.6940134239896 83.70993385429605 83.7919139130641 83.59026886132366 83.87847216714086 84.08782005588564 83.71603223135891 84.39635681948681 83.75370342085407 84.24241300963082 84.20555034980963 84.21885060784292 84.25410036611247 84.35884344673008 84.4416630702306 85.90772430108828 86.01148327777696 86.13260999686688 86.26047284446926 86.36880644996454 86.65266861512032 86.60261531983004 86.6306437882211 85.3681793942408 86.3655497705348 86.64583322363508 86.39782790687622 86.38546155002014 86.37591058526657 86.36949364236058 86.14836135534236 87.12197023756148 87.11078210745882 86.81291331062742 86.86091473504622 86.91997139902571
-9999 83.62518846720478 83.65102637978879 83.6460192127054 83.27556981348802 83.28804134472674 83.24092426494813 83.11907490673039 83.02916012920737 83.02542007034086 82.71372948628161 82.82822947217107 83.55523684098019 83.77393740862095 83.19819766779005 82.86973327358768 83.12374572691887 83.03889163822345 84.04761360781791 84.02557258410795 84.01984689324591 84.03883422989492 84.06308323613621 84.10464633918953 84.1681297021533 84.25574656917703 84.57729270764374 84.69186496426839 84.90874505016583 85.00096115654372 85.07306178826224 85.13061780036716 85.4890341915543 86.30430832271229 86.31276957260604 86.0954542468891 86.10169466967892 86.11016058124233 86.6503867609263 87.02945361416428 87.01625103317322 86.76578045659264 86.82242962158729 86.89473064580643
-9999 83.38355421795747 83.39103611061087 82.95362690189702 82.95136572899168 82.93804743337358 82.89582536187763 82.82986563158674 82.29281533134031 82.31574713644787 82.20207041725715 82.43674965000955 82.70560787537063 82.69602683186937 82.86093397036299 82.65228935563717 82.51114367144174 82.42964273245197 83.1474562108147 83.82380364523786 83.78190780594849 83.72408684189003 83.69663349518208 83.68252293516231 83.69707832814814 83.75784117749654 84.12389690333777 84.27171573983027 84.53609486492448 84.68367393665464 84.80940012370263 85.26356266404123 85.35903789308206 85.44510870087154 86.017400110453 86.03786429226247 86.05703475972648 86.07695482977441 86.59872030840127 86.6071491828851 86.66401424607328 86.70213243490797 86.77269473637982 86.86505019121175
-9999 82.61747575397435 82.03888573649293 82.05492347362674 82.05733077061868 82.04394741613015 82.0113229730908 81.45307886478129 81.43271351378823 81.4654493570075 81.87488482190516 81.9972279810367 82.10054397776472 82.08785778564935 81.94605779902014 82.38160885890132 82.29387904191312 82.05413436684768 82.03192286470676 82.23273964612137 82.21553636205553 82.57790710833481 82.56630593454233 82.56347847153702 82.57353357320594 82.61129015958625 82.9990733444357 83.8919598579721 84.20800845644594 84.40638218359918 84.5902164265919 85.11643867934788 85.13718315033447 85.23708847415234 85.46806473137065 85.51551774164797 85.56831588108108 86.12008127543146 86.16744007493106 85.98406278277629 86.26162908561948 86.30683721326034 86.71080993496818 86.83430213658178
-9999 81.66194208127345 81.6606490856478 81.65142823862864 81.04718330376015 81.0493615813513 81.04018090481084 81.03013917605665 81.03637739950173 80.91315692420666 81.04904546104858 81.12443652666258 81.18025411430665 81.63331847737803 81.56395338796054 82.1016728207385 81.6161891436188 81.35043984195012 81.3288556044674 81.3341293293914 81.80131747616059 81.83136886977607 82.30387989867042 82.29927602075304 82.29840827470568 82.3256561779332 82.68949049794347 83.07093568300212 83.10692911137767 83.28220927505265 84.41473647884027 84.53660502892306 84.65352467215853 84.76208081526464 84.86799688925532 85.4577059766518 86.02263546912627 86.07708451050695 86.13375220607982 86.00659357818283 86.25523971249389 86.28852871467436 86.35790305504183 86.46383429749267
-9999 80.60815850189357 80.61963034807839 80.62082092309842 80.61430694818414 80.60479159088618 80.59838709155225 80.60212032857993 80.4971062583617 80.52653879201809 80.67838594638786 80.73293985087383 80.77400888378023 80.78492317186169 81.23190800107486 80.76531453615118 81.36390272115938 81.11216494942244 81.10767769005952 81.12348201127236 81.5556036345654 81.60059230990075 81.68346810020944 82.10070203612054 82.13305529736022 82.15080916484278 82.45346168421682 82.694108990168 82.88768327011246 83.22953738131947 83.61807671462722 84.42999123702148 84.56121127017973 84.6826475745767 84.80031813956013 84.91967398555751 85.96707193890775 86.02744606032846 85.8629679724905 85.98740063567507 86.23299129306956 86.26882474114078 86.60153901786941 87.28126527985089
-9999 80.28177877118333 80.25923538279947 80.22884293647093 80.19658356484346 80.17157115174524 80.16262096064234 80.17414025641847 80.10743166543506 80.14362726339596 80.32079850348694 80.37440498842159 80.41944201943642 80.1338580197011 80.12075841023164 80.09199097116313 80.13689570562983 80.87296438327242 80.88033775149106 80.90213040830774 80.93430990462714 81.34855297030026 81.45664871361124 81.91554395612322 82.03077799568875 82.05471750313677 82.30135066411299 82.51788817664743 82.68110311390716 82.83901832865449 83.49418151617287 83.66167667948915 83.82414809069422 84.60488777968403 84.72922260558109 84.85419802521817 85.90430472478742 85.7028728741246 85.81548054254169 85.92483012003316 86.15996819599373 86.42777576702188 86.54645692887776 87.23395998956788
-9999 79.97457808148965 79.9197549848377 79.85660576826238 79.79420407009118 79.74818644397537 79.73355111292722 79.75257984052605 79.72734232541988 79.77366459967084 79.97851403039839 80.04087764783526 79.8142400196646 79.8375893468655 79.84760971532697 79.51255185837624 79.51697312549983 79.89963448994003 79.89229325697573 80.42533153169138 80.4879997340885 80.75178700749085 81.1599163931751 81.32177036624793 81.75748593989195 81.81458547513097 82.14850442488033 81.8156718116771 82.10568778644839 82.36230975332295 82.91558233263781 83.07680199637856 83.242206627996 83.41385955345193 84.11404247603025 84.94668911155857 85.53575224759703 85.64269310408852 85.74981641990848 85.8517874822603 86.33325856666652 86.22601108166796 86.33747746117919 87.1936469524988
-9999 79.6906759823518 79.60641857565642 79.50985180287303 79.41070307665663 79.33439890473319 79.31309307013746 79.31367047749647 79.36465716174162 79.42268187991436 79.65187815848995 79.48060526815553 79.52831428647815 79.56866313579775 79.59903621404044 79.28811567592977 79.313218389438 79.33447645027069 79.35947644200823 79.39601766550769 80.22068999696471 80.43002245386455 80.78875452501165 80.93154122738437 80.79548241613587 81.1342559585855 81.21843922073927 81.60381947236372 82.08147045651941 82.21437762714646 82.47955739694639 82.63197097300073 82.79291444862923 82.9641182769227 82.70719517620259 83.95681870855441 84.17081173198459 84.68051464688233 85.66741017203114 85.77031901719337 86.2831517835107 86.20197016731825 86.63010083136142 87.5504894447701
-9999 79.43401318959536 79.32617291486766 79.19997945547138 79.05797564221965 78.93073363618055 78.90455176167804 78.95977737678308 79.02816822166128 79.0940595128433 79.33970504009078 79.19946310061256 79.26193000488128 79.32016827267825 79.03328530084785 79.08401450127757 79.12505840234135 79.15811894155719 79.18911896610996 79.217109696652 79.24804810343112 79.3651401968772 79.6201921429504 80.25126552421004 80.38754567364217 80.40940543304743 80.46709136427657 81.37323464264303 81.65662046127306 81.77880932821701 82.33391625289617 81.97314279036434 82.16693264717226 82.37505195985858 82.59786636653993 83.8443797878773 84.05215975931314 84.54762242859798 84.7416069786356 85.65181692052064 85.91424749975647 86.31230227158979 86.89502382753246 87.6155076573152
-9999 79.20621133637152 79.0841937210824 78.94248613558155 78.77098634232846 78.5533022628498 78.52895360141761 78.65750786727982 78.72303663535513 78.78528261674923 78.67698240177901 78.93055627599186 79.00952812378766 78.75407501803272 78.83116555666892 78.8978285410665 78.9521337331498 78.64592286033667 78.70766958229896 79.05098410684752 79.05904985979032 78.98310252402959 79.01843926230353 79.21418054083527 79.29737589459609 79.19325767462226 79.10018709428925 80.51623754981422 80.88716042174772 81.025730615188 81.67116786978411 81.85326106920057 82.04683023853573 82.25265475825027 82.47137177964863 83.26432409504858 83.91265098409458 84.39151512809279 84.96529647393294 85.25898377106874 85.41284647301897 85.89197076856263 86.81897438622025 87.5112605128086
-9999 78.5103162328257 78.87664255696575 78.24806059369496 78.20103309966075 78.18318851339507 78.14905105413796 78.09517329345681 78.06957951844072 77.98275624748172 78.0122061952105 78.35342021315041 78.44940975793149 78.55090043828747 78.64636299506901 78.72829845085539 78.43476407004073 78.50728221990582 78.5727733304674 78.6345982227568 78.7964408299423 78.82437744993268 78.83603749089083 78.98034150010677 78.70293756759305 78.7205499538919 78.86993119813081 80.58972229093766 80.73770887906137 80.88751796541436 81.53695794392661 81.72007422308589 81.91214528539084 82.11445837223427 82.32802664807505 83.11221105932472 83.34597546096394 84.21242435221257 84.79378911356841 85.06630271079747 85.19792915654035 85.3231652373497 86.54069866226246 86.95227508091405
-9999 77.66259978962258 77.63001250624949 78.03536505236846 77.98975022366879 77.95093287777745 77.87645058007178 77.80426463690014 77.77341363862072 77.73402238099597 77.47961864416523 77.7324814120471 77.81842022355335 77.91529433560595 78.11595122501882 78.21649665090004 78.30301323282225 78.3768367196653 78.44179180955692 78.40432424128245 78.67703094435905 78.73722555274612 78.74053876294454 78.44194075643873 78.52176042353797 78.52778196445499 78.66843968162088 79.58691226722242 80.58484119021563 80.74226319022665 81.39123982906055 81.57363708918129 81.7627870894936 81.96030262396339 82.16743376478307 82.93931010885649 83.1663149941859 84.00721829363665 84.60019737922326 84.85945262661623 84.97553712564711 85.00618085516453 85.71288769258979 86.61919695772212
-9999 77.4631446954195 77.4167280392205 77.38092123590658 77.35700913244033 77.67930172499011 77.58418103599635 77.26352792965183 77.2586089452426 77.27974104881152 77.30138454137116 77.33601173450901 77.6316854102312 77.41593909847457 77.50773220991859 78.09636512953188 78.18295531816028 78.25215655260594 78.30798747689661 78.25836166426792 78.5206681715836 78.21170343014144 78.20534450283458 78.20659401070812 78.32235019624972 78.33728295297395 78.47828726297041 79.43334255048262 80.01014076143258 80.58999843831884 80.7523086845957 81.41357521919606 81.59834178403491 81.78979498797875 81.98883470971803 82.74286490084273 82.9592561504295 84.20380954125763 84.4730778824026 84.63935304976941 84.77185920729792 84.8342569396834 85.5099096273753 86.39505003385773
-9999 -9999 76.64159961728743 76.6422271001938 76.65325722618266 76.68299333968902 77.07208148553873 77.12776493141956 77.11098921260925 77.15063084161555 76.96060567464635 76.97825709604561 76.98471575974264 77.30043547666294 77.39045885737627 77.47596707937745 77.55569880583984 78.13375438314799 78.0784278245784 78.09585887109266 77.69994248444434 77.89111554502136 77.87835828616602 78.0646799507653 78.0845662135935 78.13425272460934 78.29016097905048 79.2795635710567 79.86039190594265 80.43025456312087 80.5913576272913 81.23874139096165 81.41786381289295 81.60250401041361 81.79195615505765 82.52020676189755 82.71682750374936 83.61821570200496 84.1812435907635 84.38890541903069 84.55573515585353 84.57486680908022 85.27486003050731 85.9687277373568
-9999 -9999 75.83003348195558 75.86083762777845 75.89289329606231 75.95268800358693 76.08073059183889 76.3567492072167 76.4257624926708 76.79900804190123 76.89300302784315 76.91935053379196 76.90279578873846 77.20312875142831 77.28527263068491 77.36376287483681 77.43480553572971 76.95779701762206 77.47910502861419 77.49006625598906 77.42130721454865 77.5900960789853 77.52046163966962 77.71953458422128 77.80261861531658 77.9180123434302 78.105506734595 79.12640124959802 79.27526054314765 79.86131630699185 80.41795947845887 80.93141624283595 81.09605638607944 81.20416427054288 81.3731371523208 81.54245621787291 82.18458692981548 82.9395373867314 83.45514893162301 83.92590149291752 84.20181680737385 84.44680641292828 85.22520077605645 85.93304660878627
