idw.asc
NCOLS 251
NROWS 251
XLLCENTER 2.0
YLLCENTER 3.0
CELLSIZE 1.0
NODATA_VALUE -9999
[rows 60 to 79 of 251, columns 176 to 219 of 251]
69.32425525664381 68.95435543707013 68.64381329538887 67.61078304814102 65.47265267425692 65.1149386377408 62.11706521899897 61.7813925613328 61.44444814489859 58.7631265574964 58.39539978338287 58.06199844560517 53.49181606946276 53.34451491844394 53.17798010578523 52.999826008289325 52.817758864299336 52.64005560685527 51.747519813134204 50.44354128691724 50.39305054327266 50.34818626467372 49.89679301337674 49.41070782488214 48.8233223530287 48.46120014587358 48.376630848110054 48.53863653792841 48.239905680623444 47.969907920896354 47.69013240566663 47.563954750286705 47.5389688676312 47.14787827488345 47.093269142983594 46.981557825083975 46.85762976866228 46.727348495968066 46.59811647565956 46.49341595254161 46.09377700622896 45.700962020806536 45.90301236794852 45.935266707304585
68.37985727044463 67.97366312490843 67.6528288077509 65.6584930529669 65.35323594860526 65.04469241982983 62.9094508039982 62.58648950749543 59.20251326424335 58.73562551136757 58.316542875731265 56.356581373528215 55.964734779603894 53.42419792559629 53.22253049734039 53.00623691450629 52.78383687491281 52.20095350676698 52.01799313032234 51.8627184537226 50.443091492296794 50.39971228883445 49.985940388697436 49.91190567145095 49.42375160445633 48.843618127848075 48.9832546560454 48.91559969174567 48.851448289148 48.550217705788405 47.79628003104359 47.78408875470601 47.83957065879316 47.25935322327131 47.1818668961531 47.08928986876732 46.98754802403946 46.88448343927634 46.7697625258781 46.68017528097262 46.61097072383947 46.144228785830286 46.135119376923086 46.14152922946364
68.32678493711092 67.81262054837052 67.42240845388119 65.62965460724729 65.32637035543807 65.00092163057698 62.99335251885563 62.579293891282106 60.32485789386093 59.82625944375933 58.20836283518224 56.34305469402882 55.9252228582076 53.53134810084649 53.284059671753695 53.0216673599215 52.39104550173335 52.14970898969978 52.181571467894244 51.71116741133397 50.735678761784214 50.7091761887849 50.71283780257228 50.218607645007516 49.92145006391009 49.241194423652516 49.16704427018885 49.096722003861146 49.03417280682978 48.98358898576455 48.772052380883544 47.923521554985534 47.976773116086264 47.65022783011594 47.303764524468434 47.22274675644092 47.13515425530221 47.05171584759753 46.95251308084688 46.90110706315725 46.78352310780219 46.75085871082231 46.39552773316087 46.357197081774046
68.21454902492236 67.58159052641868 65.89288427575828 65.5930928752912 65.31351200517874 64.97045947330092 63.08016581450898 60.927929112770194 60.29491999491344 59.71263264243935 59.19687194338873 56.33317386449575 55.89763006226994 53.673473594544724 53.46380210666784 52.856139679772284 52.60632053438243 52.34376569375806 52.05900744597575 51.77889176810001 51.60236632377661 51.03167085165454 51.104114451983094 50.26184994713681 50.204685632073655 50.18445380013355 49.71682647067403 49.22742092717681 49.17675214786665 49.139931786452145 48.96301706505144 48.45814844767749 48.14845862182537 48.136762901436434 47.46333619157412 47.38333689759331 47.34688951783933 47.193299369181204 47.14041397869373 47.1256079041938 47.088314903094734 47.08766804720614 46.71123141735673 46.584687516282216
68.0431396974315 67.31336849445293 65.79777121699796 65.57007572934411 65.33154681029991 64.95193459513789 64.46774440196887 60.9622252910034 60.22217856236954 59.547325877666495 58.96479165641526 57.37349107781753 55.6809865336258 53.88230085854744 53.53824724354192 52.900301820313516 52.6198549627814 52.31966594042471 51.94728831937411 51.480030190078296 51.13104812588802 50.84041095702861 51.0167967108616 51.131428250190325 50.720217767373846 50.2385182607358 49.797034742268146 49.760687434823566 49.73132895312031 49.71342441376726 49.64615541783994 49.17307351590017 48.61289108233918 48.597674080304955 48.12006359323445 47.65363457358544 47.53755138800622 47.44381064059398 47.31277491299656 47.293959624162454 47.426341593343665 47.54146654820439 47.339061907380795 46.80930706970003
68.83187778103965 67.11545698039686 65.71681376819272 65.625 65.34355669891241 64.9091448841334 63.1361320187321 60.94179956613678 60.1085761702175 59.32893045512935 57.758945812111264 56.99354603397606 55.75820973780279 55.24351399329871 53.29470381527613 52.93554339732229 52.64892843406996 52.35353617144724 51.9380386143807 51.28032958564169 50.0 50.71641539811821 50.98845057263983 51.11363965081571 51.09251132984181 50.731837629868956 49.86997328497261 49.83883323283132 49.817362350918216 49.81055003698186 49.82083156258013 49.57867346822176 49.598638779269095 48.88072779382212 48.8045676120663 48.25161658224982 47.737188783428685 47.61363623960373 47.41521415659364 47.456774884742956 47.672534096299394 48.345497 47.59338876846394 46.957272365878765
68.740850605027 67.99138763423421 65.66049898418973 65.47232754563203 65.21720636454468 64.8032400138782 63.06055347471029 60.88552531417653 59.99094228536502 59.099012023353474 58.0126001823441 56.96244567675303 56.5906870894121 54.28426913724208 53.361809435401675 52.92958302511764 52.66282308400001 52.44484212165299 52.08828258406406 51.60040095533504 51.21853629285038 50.92230722141052 51.05147747416608 51.1184076833123 51.08242837915857 51.10582335130236 50.89919420732896 49.90567541586826 49.888365330806735 49.89002803518849 49.89798821436089 49.95484224554265 49.7799269990137 49.71003544584338 49.627468563194306 48.917091083219276 48.353166289377484 48.14884206671485 47.526338487220066 47.52023562256624 47.615238559296806 47.70362916650709 47.51839929000563 46.95981596402052
70.79973856331503 66.93532700554366 65.55251354226237 65.31768512770145 65.055012162759 64.68286440701512 61.4132957068385 60.643006578574585 59.84340125862547 59.00354642238079 57.820340251936194 56.941856 56.78467922394645 54.80472010143336 53.822961916937324 52.9072473049973 52.542263 52.537298759367474 52.282378637439386 51.96818234393753 51.723716292355405 51.61566970417128 51.11903014581905 51.093856486615756 51.05197934836184 51.08771745782212 51.11436745698309 50.33570041533217 50.34497567125845 50.35770488804593 50.454544 50.063192203432294 50.206980096751025 50.22644549103307 50.11148764976552 49.90365275111935 49.6742647249001 49.44284194731988 48.25982853431473 47.828259772836134 48.06157366757803 48.000261217304946 47.5911778792925 47.361243476322116
71.02981274674114 68.46097812313383 66.90563315056998 65.17863822569305 64.42390690975883 64.03287968280344 62.45482401380724 60.64381952577801 59.88536102097928 58.655459778071524 58.01026930471781 57.11447649057673 56.79311687149575 54.79938256609008 53.89991591757496 53.42386511209769 53.106634287193536 52.63684204720883 52.45169806002433 52.21829639292486 51.981404330999496 51.301456853128144 51.095988264578594 50.91219793374385 51.52840254217962 51.06471553046792 50.916641376243106 50.928010708895236 50.350871396993924 50.36236934667967 50.45454399999999 50.454544000000006 50.271696807223385 50.454544 50.209754939971866 49.97016237174507 49.73807072788387 49.51718977777778 49.31361086660491 48.64246887629022 48.51050121254136 48.407476189544646 47.891462701612106 48.221170095280165
71.0868782311874 68.90401384559274 66.6496719598405 65.17502475590932 64.4230266775262 63.0786308846465 62.45794240554166 60.67901407622297 59.984137197565374 58.79270842851504 58.261418416130546 57.23113206279786 56.84620322405058 54.39977546438723 53.994575904378706 53.64803974397866 53.40234344471339 53.24446605204338 52.635484492664744 52.43248919697138 52.68045469159846 52.017637183165455 51.538595995794424 50.454544 51.42289433431912 51.80740826779479 51.93692164647044 52.034264298839005 51.73424386137483 50.364180546750404 50.454544 50.454544000000006 50.22171910819244 50.259959116671546 50.13980206987634 49.955349829052096 49.75730280890925 49.56539683974192 49.38968104042161 48.69222955145985 48.5601894027033 48.45200233564893 48.357174977734914 47.665990809643574
71.21505082669273 69.5567883854441 66.48703243954469 65.005684 64.96692413905541 63.09310778763773 62.43667739789145 60.697232496137694 60.07376393373248 58.90859854218445 58.438576532918745 58.03270097925838 56.145584323433816 55.76398378860216 54.09222185533904 53.82039130287487 53.61378833818729 53.46909072393728 53.689397047085635 53.155176512218944 52.93439251208274 52.2903588762175 51.9111209884245 51.618003803742084 51.739193484122744 51.99869855717 52.11483026493773 52.19654043431729 51.89976169542887 52.210133881495324 52.03169708569795 50.454544 50.454544 50.08563539753834 50.01942669494035 49.893827112557894 49.74230756647509 49.587259470472404 49.44193277431725 49.31542331398145 51.08329355476327 48.49259887589588 50.72314344289479 50.86502473779625
71.47955291825465 70.56549047823015 66.83150786187493 65.14155008777496 64.33155484801158 62.9122899769784 62.32173352709426 60.655010038560064 60.11190290899761 58.97981448334605 58.5606242968526 58.17822208826288 56.272614254483926 54.90761400636635 54.20399812547465 53.96368754873845 53.780753653085426 53.99133664067094 53.91046459683073 53.443002594677615 53.21326980298271 52.64619848340657 52.421094888293304 52.300961572836044 52.19096340884966 52.30335369714951 52.3767999845005 52.41968092067736 52.12234798551655 52.45959123088339 52.29751653960334 52.10873488835817 50.454544000000006 49.96784084615385 49.91590015993549 49.82561485002532 52.366398708707315 52.50674345263592 52.60897005676492 52.675980497226575 54.22804811155777 53.07213960865389 53.11764859604584 53.69418442410559
71.83364973098436 69.53635520952429 68.14566144691092 66.33426838204065 64.17050123158822 63.775571472685044 62.115708352384964 61.65127968730868 59.41747204733947 59.012364063936424 58.6498655240022 57.493010235514944 57.163923021401075 55.074659322973886 54.3400821978745 54.097076688739406 54.264913203069995 54.11459281736672 54.036285 53.96549453140646 53.17022028738859 52.991048838302135 52.87332608528881 52.82889212732647 52.62093531452759 52.67432424073841 52.70669155909157 52.70027990713844 53.09036152151192 52.76256305154202 52.60131122242173 52.430533641044406 52.28106783327731 50.454544 52.54900423802703 52.695746506938725 52.86471001546302 53.02738486739246 53.165266154185524 54.69962087426358 56.45771313381847 55.03364692776862 55.19575295904312 54.462515592622864
72.1841940741508 69.64012389455718 68.15606693395706 65.62254612297453 64.06506316093538 63.6615624105385 61.864698043879 61.453126516835646 60.00911266100965 59.02102141587232 57.97981887564529 57.69694287692593 57.370745978071646 55.97608818982243 54.504248250140385 54.23441738719131 54.41917141193281 54.256824229502904 54.15554181538825 54.11596193589097 53.37122946768978 53.305622171469516 53.28890505235361 53.31285703831676 53.36530531363485 53.12279257846079 53.09667983377955 53.520120537206324 53.270483269468066 53.10676312459178 52.92774609448646 52.75333695932789 52.60311336945179 54.28704169491756 54.52151105874519 53.2327896903023 55.63552208704269 55.86600489658005 56.779373334539095 56.96788586209901 57.126062904745964 57.258753662157716 58.694388435884974 58.71273987394493
72.43841715334734 69.97401712013897 69.39303469053465 66.90162129595409 64.00313746849858 63.56491589008587 61.612431205749346 61.22255897427387 60.10444011447363 58.367862740710606 58.20463623330862 57.949113469551335 57.60378420513281 56.23829394056649 55.86858658381294 55.29629450502825 54.59546872022519 54.44557992670305 54.35484962178845 54.09745472225987 53.572170474248125 53.62660042147101 53.71815533903795 53.824166372708206 55.521373010725824 54.175103367502146 54.07765739688679 53.93075464198941 53.69578532630661 53.476130296389115 53.263037713261326 53.0690848753966 55.92181629953657 55.94868872470897 57.61728672159367 57.94606717003369 58.313608871617134 56.611862574640114 57.43741949214213 57.628146709140395 57.78065850721795 57.896795980902 59.25961975668362 59.246816963140844
73.40373545829695 70.73752108803781 69.1474664466429 67.35693814914785 64.99623367062378 63.142335300055024 60.61422020938623 60.27330083791742 59.934452759084266 59.07227387562103 58.54033517660083 58.25443022289659 56.99759309185595 56.49236464753596 56.07848118216292 55.481855548506324 55.26746109737215 55.116221602641545 54.82598264314257 54.83041294487363 55.091950913131264 55.91649220390763 56.147009512378446 56.83101141415542 56.98141890345946 57.06403385198047 56.210500370170756 56.084280014871226 56.27458625847922 53.848891692880244 53.59121908892223 53.368625292333945 56.403514757143526 58.179555225588615 58.31890087338883 58.639542928599646 58.984479103386946 59.52367062491987 59.78121180410646 59.99190273216832 60.14640894376184 59.792428143212774 62.02520962191349 61.924113833921986
71.23875583863312 70.70774510891019 69.3114879255428 67.76424200000001 67.20805061237209 65.27499300005994 64.61093795472311 61.535919495125086 59.830320163289 59.071196007422024 59.113987 58.90278190230216 57.219792588647294 56.666773293245086 56.242868211511535 56.31897006145914 55.24721693890301 55.12004939646857 56.30073085607747 56.374068154365226 56.51429850304908 56.96104564883046 57.22054182691877 57.463855891405196 57.618327958216675 57.64242692136639 57.60404553260444 56.577749734213256 56.77673698276256 56.56316190014306 56.35727464243021 56.79453748683723 58.46380934318348 58.639407841217064 61.03297687307273 61.234477116248826 59.586001340261724 59.99579406426072 60.23314161197884 60.41731794242539 62.2115479248397 62.135509149492336 62.0326586677329 61.90050674994892
72.6093784461074 70.75487139616226 68.43446997223909 67.8971942180361 65.968487502849 65.41032829536428 63.12864420417526 62.50907601548607 61.75652124069359 60.92908788277532 59.161141288965496 58.239475598618874 57.98381301653684 57.54489078962834 57.12506010463551 57.18203302568336 56.223835730032924 57.24391864705838 57.2563342939196 57.33387514151566 57.22447165173092 58.87614606213846 57.74217570068575 58.02204511515012 58.202339638447356 58.14043790656829 58.035515874743794 58.64154437539997 58.63543805480229 57.008595673273504 60.62192314137924 62.16233545160109 62.115183827396365 62.25279393002224 62.98198943673453 63.01093875173899 63.02561249265828 62.674452377968954 64.13671461126712 63.25171251081279 62.25103121356696 62.17359549031298 62.05680265939837 61.8863485709974
72.60024607876397 70.75168689553487 68.51812068465395 68.01902556755063 66.15136045267315 65.6290576332617 63.420733805015104 62.8696324190757 62.26353553034752 61.704530196794174 59.86350740480214 58.12284951991187 57.8445615 57.51025240437114 57.487462231316215 57.29732642280763 58.72328872423371 60.39106989554642 60.46180870903734 59.27109763574597 59.364629702800485 59.40233680572541 59.36311230608699 59.169387182673674 58.636364 59.20540492841202 58.38455015857703 58.997816711153874 62.750089560612864 64.37254067322488 64.84048641917519 64.57862643144867 64.72810383176143 62.706039227540295 64.7218869531125 65.60898689148715 65.33013916190782 64.38144788790046 64.06848895074074 63.76305526047914 63.55142233877564 62.93978415943547 62.908826273112865 62.776660178711346
72.54051956411169 69.02147563084408 68.57974245181985 68.13844678901734 66.38156887474503 65.91551398232323 63.8353263637308 63.351315710446954 62.34442050438868 61.89088928055792 61.62507398096245 60.09976335703401 57.6864799229366 57.436842414397816 57.170332963368615 59.69401726072938 60.73921393326749 60.84005548219639 60.93696011076337 61.016574123238215 61.33360426023522 61.22454225380089 60.96113875677311 59.691442885920026 60.14122591219521 60.51491339019202 61.92037658852695 63.44973875925576 64.05645959328305 64.60116243097815 65.06400546037305 64.75958991559465 64.91200509904004 64.90082678388443 65.9659678547286 65.7127158924463 64.77458749928613 64.42982939003902 64.01669664442895 63.52929164169351 63.502551725209855 63.70130475225236 63.47602703908518 62.8339021250228
