kriging.asc
NCOLS 250
NROWS 250
XLLCORNER 2.0
YLLCORNER 3.0
CELLSIZE 1.0
NODATA_VALUE -9999
[rows 190 to 208 of 250, columns 0 to 43 of 250]
-9999 84.8669977014871 84.77426205307722 84.7189887921433 84.68265654651081 84.69272722122889 84.73903228290855 84.82166650906963 84.94068662964301 85.09611116404432 85.28792031336252 85.51605590734621 86.04331987136224 86.32028872303775 87.82604166960016 86.90383756658126 87.14216777058547 87.36352661176808 86.82649761036882 87.04492222770678 86.79673848536976 86.81779820997819 86.99202676591467 87.16822717138508 87.34631880804022 87.52621795756073 87.70783786236046 88.00795031876612 88.16214542278767 88.49678001173797 87.96814712001274 87.97828005903921 87.99016071146326 88.00381355117025 86.72919838448918 87.35577998987253 87.74338522887277 88.20776065431099 89.88479315414432 90.55558012334804 91.27334933739832 92.03766635219863 94.32232141111741 95.44639622006397
-9999 84.32905537612302 84.23738306318178 84.18329584365915 84.16615003729277 84.18489745129284 84.24109937217905 84.33433093890613 84.46454455193796 84.63165369102909 84.835533010195 85.27507324204905 85.86529357671606 85.7591675917922 86.00219958125145 86.25562426968274 86.5263729889831 86.7368152369143 86.23267373318357 86.54041435678558 86.264638883899 86.25406956368329 86.39244089481551 86.53288880248869 86.6753541213034 86.81977451073912 86.96608449441689 87.25030492869902 87.36574694818977 87.60776844011959 87.3646036892748 87.40466861152998 87.44663183115857 86.00331266017241 86.25539889731282 86.84134944593859 87.34649160745116 87.9307052223651 88.59367318653814 89.52151548567454 90.7850892166836 91.96886961901549 93.10977236261165 94.22973005212644
-9999 83.78728507255516 83.69931772813798 83.64847314656618 83.6348584329842 83.65854179481943 83.7195524137068 83.80263715953119 83.95375109330107 84.13225124138314 84.34825703703 84.67137385714531 84.91999909299341 85.1883995863597 85.44565683016542 85.6720648734851 85.95332861646924 86.18930790707952 85.75594507246178 85.83216327115375 85.89454743712894 85.54633951024181 85.62434372276721 85.89074346856393 85.99742706454089 86.1062140610949 86.21706035157375 86.48746869187678 86.56230497188338 85.04364547448947 84.86343204895863 86.3073296908474 86.57852532673306 85.24296229443635 85.51235559864143 85.93198359306696 86.4312140757915 87.00980593781031 89.3142361331249 91.31689605168516 90.94153671607614 88.82730255496082 87.02924479316377 84.92944602178459
-9999 83.2462538086329 83.16147115500455 83.11393047293076 83.04781021122372 83.06631740521843 83.12445727915774 83.22222949072435 83.3595933680635 83.53646793226709 83.75729706707273 84.10072359036172 84.34563815903714 84.60855144376642 84.8485638817016 85.07815375174296 85.26556860135308 85.45887112850849 85.07233968994326 85.13958028730603 85.19311613023027 84.84679428303814 84.91911838574858 84.99677213644941 85.07971340570073 85.1678975300631 85.2763562682775 85.43338161276844 85.3094261176511 85.4081218972923 85.52434828069423 85.65805410131247 84.8785351304224 84.34386659900092 84.67726552759518 87.26601396201605 87.54678393471653 87.83801601317545 87.38249922696943 89.72198563055548 89.62169033494317 88.18213099660824 86.76669163439512 85.04833082573694
-9999 82.7056763695122 82.62411299992874 82.5261257928979 82.4976266519595 82.50880594190245 82.5597078070667 82.6503360550973 82.77930608920494 82.95394941971148 83.29482286281328 83.52045305353901 83.75510070361835 83.99245912048744 84.26690335322897 84.48523254332956 84.68542848523352 84.86117846994817 84.38231050848499 84.46311194898195 84.50779612368049 84.16737403881302 84.23400493805349 84.30609935742524 84.3836185001087 84.46652095352943 84.58162800650409 84.73468786376907 84.64634713634035 84.75986457811511 84.89108082060314 84.01253512845877 84.11873938480348 84.29158350797194 86.04273403132316 86.29312591212637 86.55471110571622 86.8350110817885 85.96151840523385 87.15454717173095 88.32800564426752 87.59861334959446 86.5664354490432 85.23018436730305
-9999 82.18268582209159 82.01400639736651 82.03934279157853 82.091878630605 82.17091581432612 82.27571627297594 82.20342950980135 82.37630554002361 82.57396986596413 82.73470417807246 82.95172957579062 83.17644148009343 83.40253989519239 83.62372899366844 83.89830397917396 84.08575835280892 83.8067583141477 83.86057266849056 83.83853394316198 83.87371798750789 83.81422776041802 83.8280559664007 83.8361206636682 83.83843574732869 83.83502296723928 83.96228876783913 84.05790349852275 84.01485701361568 84.14318733399394 84.17660484420722 83.2719821227733 85.15614764938475 85.3380640544935 84.31033918393898 84.6352885793253 84.99871801025616 83.67309741552461 84.75608698481625 86.273694717133 87.19705895205252 88.1827376271366 86.4204959684234 85.46679812292984
-9999 81.4065506289343 81.43166227686324 81.4809515971862 81.30253310240403 81.40724128258249 81.53644436299182 81.68969118019959 81.866504156199 82.12023491985134 82.29032257764675 82.51191326041531 82.73494925386188 82.82441351400959 83.03336662886787 83.3171836992099 83.41793680007561 83.19887154129559 83.24111487867775 83.26843338649999 83.39216130382866 83.38810626509459 83.17802087013709 83.17094473771792 83.15825571271708 83.13998452958057 83.26752245947246 83.22182209190366 82.94170848635268 82.97270162138233 83.59489599900411 85.20114307760207 85.2677587530392 85.29172980202824 85.29733038936155 84.03289534382937 81.97111835261876 82.88751486290825 83.89161300683479 85.2762076019759 86.20452973812743 87.19330988011771 88.23432005667428 89.31906612843218
-9999 80.58204777339193 80.62407930425613 80.6901017476902 80.7797357606765 80.89257533187416 81.02818853721062 81.18611833710743 81.42846513355755 81.61142759705476 81.77841588072303 81.99527923594373 82.21193097361312 82.42240367708489 82.45472027935456 82.47383247253003 82.78705417015743 82.61048314251036 82.64287733275638 82.65976320916214 82.7402005895733 82.72743341338773 82.68910244349486 82.51876236718506 82.49107655109748 82.45795316173778 82.58260704602463 82.29454851747181 82.2968324466863 82.47059594697845 84.54134313800428 84.94800700627252 84.97649035068255 84.96402243018915 84.93493591193094 84.91363992232377 81.49695462438237 82.33429999135888 83.64465845259518 84.50516708558625 85.43282097111762 86.41903407858955 87.53852453930425 88.79512256205064
-9999 80.03814546127626 80.09247634949953 80.16909764309959 80.26761842004679 80.38762319633702 80.5286726978466 80.6903046656922 80.92418715534767 81.10557404292533 81.27383503128236 81.48557408256974 81.69544668196085 81.34970367588892 81.51551145520413 81.67156809332485 82.0123297713674 82.02936283829952 82.05285857005964 82.06026094276154 82.01732500905258 82.08296630979282 82.03606533650098 81.87988988737314 81.8372235732846 81.7892630782914 81.90780559651873 81.65622083831875 82.08141921409654 82.21023382533286 84.41136634110119 84.46386820851056 84.46347655826054 84.71333676936241 84.6546674295303 84.60555795351678 81.2171173617503 82.2906956762036 83.07336799660008 83.92944890624966 84.8507820301752 85.83003433812738 86.90179573850742 88.07941791522029
-9999 79.50538709787713 79.57106739103622 79.6573295749591 79.76377178776896 79.88996972021137 80.03547740085253 80.19982801185951 80.42194220410708 80.60175476354146 80.7741972690311 80.98042082479664 80.66837497891268 80.82633358328695 80.97803514106778 81.4034947450744 81.45061190193883 81.47331096601025 81.4849742234355 81.4091227149588 81.40042189411155 81.39487951618682 81.39953620795899 81.31881815189628 81.19700719535449 81.1342335850112 81.24337300574771 80.66354738389239 79.73050523365768 81.48195191586223 82.83671436738223 82.90784657128603 82.9746111229849 83.04954015455684 85.2251310686727 80.73017743855769 81.2019592587118 81.89695472697115 82.67154521187956 83.51758695295149 84.327344897618 85.37180799483625 86.42553962741736 87.5390711425045
-9999 78.98137279883403 79.0574431146857 79.15238036414108 79.26577239035535 79.39718671131527 79.5461713179965 79.75085358646693 79.92080465769808 80.0990476673019 80.27711038029639 80.03101358039818 80.18127582922396 80.32875405233038 80.46845820156321 80.84539463032559 80.88722251773288 80.91168595342097 80.83106380783093 80.82953032875686 80.82099616059732 80.7978101511653 80.77974189086473 80.69067446862414 80.77266305891479 80.95460107703371 80.320126128339 80.0426918154117 80.59147350831562 80.83089252770371 83.37705194956592 83.54579843258509 83.66957351621286 83.75924071879615 74.39206894801532 79.4193654295361 80.27232883514866 81.51692169798746 82.4074678504948 83.2378363448835 84.0301209728245 85.04293736007985 86.0840235143023 87.09743779570098
-9999 78.46369019916128 78.54918286406928 78.65182262941052 78.77118769852154 78.90683807549627 79.058316374442 79.24870150476936 79.41984846066285 79.5965301989063 79.78017776223268 79.56934945414272 79.71278480169369 79.85190346731214 80.23749998834751 80.29275831147763 80.33011492084513 80.34958227010077 80.27613216242783 80.26914607587598 80.24790669879586 80.21537546375404 80.16242657301633 80.18765958847841 80.2611089952166 79.83377384674881 79.72815542077281 80.50452207803868 79.44237300417542 79.72651408545175 82.73910085959383 70.92499251595693 71.75096706796813 72.81013600603501 74.05982732439108 79.02830403212727 79.92248059711548 81.09797675708418 82.00084692986515 82.92387245359616 83.81952207198428 84.80918272795188 85.81146722881176 86.5931377422356
-9999 77.94991957790216 78.04385977024441 78.15322392900997 78.27758127637134 78.41648496665987 78.56947290201751 78.74579850368633 78.91814926681448 79.09328147945668 78.94894457357006 79.11906735485013 79.25780183702241 79.62404564457147 79.69460106907462 79.74673556004132 79.7804413035411 79.73948186505733 79.73904157795428 79.71835347451444 79.69128251143331 79.65284064976007 79.63439577959362 79.81721779604041 80.01943114765734 80.19039879691591 79.80415317879785 77.71154969882203 73.2320534237453 73.36229729840483 69.96524923543572 70.61903393809513 71.53258182231968 72.66309754691648 73.96794057748572 78.76738013206844 79.69458244754296 80.8039975975634 81.6476279159827 81.57146843945279 83.12837360232112 84.63297256306053 85.604713464796 86.2256052757283
-9999 76.96465971200391 77.53904589719554 77.52808568417849 77.7080552087752 77.89210919898781 78.0795549362081 78.24805628502834 78.42568995539264 78.36883469680282 78.46084062973253 78.89559343012552 79.00215678230099 79.0898551453665 79.15863514313159 79.2084667908725 79.19344051950648 79.20560913789878 79.20159537970167 79.18192121275902 79.13310049023718 79.08233471657805 79.07206445484826 79.3187245692096 79.17093030672652 79.23315364304162 79.33075568727423 72.81561205306065 72.753459043698 72.95791999037317 69.83770958990684 70.57579943699562 71.55692381707877 72.73831935648505 74.07739744818251 78.61641477121108 79.55718839505651 80.61073772321788 81.57779328801058 81.68553590402604 83.1223197568187 84.36760874052604 85.40008508298101 86.31855919013812
-9999 76.50244344356196 76.74583192697796 76.99103499392704 77.17927157389033 77.3689019643917 77.55922608812806 77.73650528060067 77.91531092798668 77.9223940697908 78.25143387294233 78.32897072647503 78.44355759791982 78.54179344027582 78.5991913700177 78.64427009940692 78.67147902545642 78.68130389005309 78.67425071560734 78.4894302907208 78.56233874207973 78.5179871877392 78.51671471783625 78.64366452356487 78.65301784689862 78.74175030621238 78.86668140263518 78.30747863918444 72.4655728385078 72.73173889790456 69.95525117889923 70.75779891711466 71.78617910186267 72.99768008356779 74.34978607783545 78.54965440495931 79.49283875061616 80.4939641324752 81.53346672334261 81.82741500227921 83.13096326667616 84.26407022149033 85.18547911747163 86.1072151757514
-9999 75.92112877241473 76.17804419079735 76.41910804073758 76.64411804307358 76.84460410304263 77.03665630532112 77.22666306778557 77.40394362782604 77.57339191170448 77.72994063276319 77.87254819621214 77.94608140562755 78.01843332769212 78.0923687272238 78.13310537953285 78.15920144090201 78.16721684070905 78.15765960505465 77.90805810955996 77.99547242502769 77.9302282732925 77.36664853978854 78.11290428532016 78.14538101456938 78.26064022700655 78.41226542590512 77.87980622551116 77.83900759605747 72.66648101861375 73.19466633709442 71.12814344278333 72.18315970910032 73.40371006333692 74.74737185874565 78.54410388197118 79.47593125742382 80.64095717948071 80.60714042916956 81.95297154214619 83.11023308262308 84.11816395801787 84.93411958615619 85.86241510793232
-9999 -9999 75.7280763065537 75.92832648252318 76.12498691049811 76.31793224601141 76.51330278660657 76.70369852292434 76.88184128055211 77.05096368161082 77.20786106922993 77.34611523033033 77.46726332397127 77.53492083607178 77.60990665453623 77.66526203172899 77.70036407264395 77.6639844411756 77.36099856356385 77.34221142301067 77.40799663053375 77.31646340162831 76.79579350991547 77.5232872727791 77.64838366914346 77.79017137821756 77.96783509335668 77.48242069832568 77.42491830676977 72.74537474910755 73.29731142739757 71.65061959366184 72.71137900661434 73.91966682119173 75.23317391407065 78.57865387835352 79.48513160079605 80.70777343451596 80.8527150208803 82.01843783955557 83.01644023297146 83.88627553061507 84.61928883268102 85.34372479301499
-9999 -9999 75.22869553823801 75.42797972028434 75.62224507316387 75.81136768392344 75.99522835251861 76.20605801720818 76.36619912192253 76.53534327464193 76.69126643240033 76.8312454948263 76.95409893964106 77.05502007692552 77.13183716932198 77.18802304512454 77.22295420568854 77.02057547037971 76.91215113702894 76.88157839274407 76.86119581376997 76.7057081586778 76.34691403058083 77.01084347847701 77.16238100360246 77.33068305039822 77.53370959481784 77.11725044292261 77.27889785268805 77.28507695522218 73.51350534487352 75.80397473524573 76.47168437775821 78.86174654874239 79.26310577407556 79.70368927918551 79.79415681113163 80.51566408146108 81.20639111167387 82.11063754595297 82.82124748824512 83.52527479444709 84.2293330766216 84.93726097087607
-9999 -9999 74.69863072076265 74.89668719492815 75.08983024563841 75.27793663367679 75.46088776932727 75.6385698366836 75.84462227665627 76.01716212088876 76.17557620090474 76.34355455365018 76.47526020859128 76.58844309842036 76.66892082033883 76.73321076452176 76.77385099952285 76.6519890237233 76.64724351179612 76.34258410920744 76.35992202350964 76.28836402691105 76.02078825734783 76.50976628230147 76.68771913260625 76.88250545574058 77.11019960218763 76.78619642711048 76.8865410597285 77.1008168469644 77.35487556271818 77.74090517266845 78.37128101039116 78.73472221630884 79.12788136353824 79.55362510553927 79.82320490636594 80.42508026517713 81.05074657205037 81.7040954903833 82.3862095387978 83.10286402144936 83.82629175521775 84.37213470074533
