kriging.asc
NCOLS 250
NROWS 250
XLLCORNER 2.0
YLLCORNER 3.0
CELLSIZE 1.0
NODATA_VALUE -9999
[rows 190 to 208 of 250, columns 0 to 43 of 250]
-9999 84.8669977014871 84.77426205307722 84.7189887921433 84.68265654651081 84.69272722122889 84.73903228290855 84.82166650906963 84.94068662964301 85.09611116404432 85.28792031336252 85.51605590734621 86.04331987136382 86.32028872303789 87.82604166959548 86.90383756653917 87.14216777052165 87.36352661171418 86.82649761036876 87.0449222277075 86.79673848536923 86.81779820997819 86.99202676591467 87.16822717138508 87.34631880804022 87.52621795756073 87.70783786236046 88.00795031876612 88.16214542278767 88.49678001173797 87.96814712001274 87.97828005903921 87.99016071146326 88.00381355117025 86.72919838448918 87.35577998987253 87.74338522887277 88.20776065431099 89.88479315414432 90.55558012334804 91.27334933739832 92.03766635219863 94.32232141112274 95.44639622007094
-9999 84.32905537612302 84.23738306318178 84.18329584365915 84.16615003729277 84.18489745129284 84.24109937217905 84.33433093890613 84.46454455193796 84.63165369102909 84.835533010195 85.27507324204284 85.86529357672117 85.7591675917863 86.0021995812539 86.25562426970893 86.52637298892247 86.7368152369002 86.23267373318365 86.54041435678549 86.2646388838981 86.25406956368329 86.39244089481551 86.53288880248869 86.6753541213034 86.81977451073912 86.96608449441689 87.25030492869902 87.36574694818977 87.60776844011959 87.3646036892748 87.40466861152998 87.44663183115857 86.00331266017241 86.25539889731282 86.84134944593859 87.34649160745116 87.9307052223651 88.59367318653814 89.52151548567454 90.78508921670576 91.96886961901293 93.10977236261306 94.22973005213424
-9999 83.78728507255516 83.69931772813798 83.64847314656618 83.6348584329842 83.65854179481943 83.7195524137068 83.80263715953119 83.95375109330107 84.13225124138314 84.34825703703 84.67137385711284 84.91999909360352 85.18839958647666 85.44565683046282 85.67206487350471 85.9533286164286 86.18930790707495 85.75594507246174 85.83216327115382 85.8945474371289 85.54633951024181 85.62434372276721 85.89074346856393 85.99742706454089 86.1062140610949 86.21706035157375 86.48746869187678 86.56230497188338 85.04364547448947 84.86343204895863 86.3073296908474 86.57852532673306 85.24296229443635 85.51235559864143 85.93198359306696 86.4312140757915 87.00980593781031 89.3142361331249 91.31689605401907 90.94153672235525 88.82730255435479 87.02924479264325 84.92944602131354
-9999 83.2462538086329 83.16147115500455 83.11393047293076 83.04781021122372 83.06631740521843 83.12445727915774 83.22222949072435 83.3595933680635 83.53646793226709 83.75729706707273 84.10072359026385 84.34563815876398 84.60855144380629 84.84856388193941 85.07815375207579 85.26556860134276 85.4588711285248 85.0723396899433 85.13958028730602 85.19311613023024 84.84679428303814 84.91911838574858 84.99677213644941 85.07971340570073 85.1678975300631 85.2763562682775 85.43338161276844 85.3094261176511 85.4081218972923 85.52434828069423 85.65805410131247 84.8785351304224 84.34386659900092 84.67726552759518 87.26601396201605 87.54678393471653 87.83801601317545 87.38249922621341 89.72198563437557 89.62169033874972 88.18213099641761 86.76669163421018 85.0483308252835
-9999 82.7056763695122 82.62411299992874 82.5261257928979 82.4976266519595 82.50880594190245 82.5597078070667 82.6503360550973 82.77930608920494 82.95394941971148 83.29482286257101 83.52045305319882 83.75510070333078 83.99245912031294 84.26690335355356 84.4852325433284 84.6854284853291 84.86117846979302 84.38231050848523 84.46311194898195 84.50779612368046 84.16737403881302 84.23400493805349 84.30609935742524 84.3836185001087 84.46652095352943 84.58162800650409 84.73468786376907 84.64634713634035 84.75986457811511 84.89108082060314 84.01253512845877 84.11873938480348 84.29158350797194 86.04273403132316 86.29312591212637 86.55471110571622 86.8350110817885 85.96151840546027 87.15454717212772 88.32800564419708 87.59861334944407 86.56643544877973 85.23018436702557
-9999 82.18268582209159 82.01400639736651 82.03934279157853 82.091878630605 82.17091581432612 82.27571627297594 82.20342950980135 82.37630554002361 82.57396986596413 82.73470417795585 82.95172957555255 83.17644147999565 83.40253989502749 83.62372899335173 83.89830397928554 84.08575835289025 83.80675831435684 83.86057266839964 83.8385339431577 83.8737179875096 83.81422776041819 83.82805596640043 83.83612066366817 83.8384357473285 83.83502296723927 83.96228876783951 84.05790349852275 84.01485701361568 84.14318733399394 84.17660484420722 83.2719821227733 85.15614764938475 85.3380640544935 84.31033918393898 84.6352885793253 84.99871801025616 83.67309741470089 84.7560869845716 86.27369471509057 87.19705895212915 88.18273762727964 86.42049596827474 85.46679812268161
-9999 81.4065506289343 81.43166227686324 81.4809515971862 81.30253310240403 81.40724128258249 81.53644436299182 81.68969118019959 81.866504156199 82.12023491973176 82.29032257819816 82.51191326140217 82.73494925455057 82.8244135137922 83.03336662873748 83.31718369916547 83.41793680003464 83.19887154139785 83.24111487880043 83.26843338670234 83.39216130382943 83.38810626509506 83.17802087013723 83.17094473771776 83.1582557127174 83.13998452958064 83.26752245947308 83.22182209189697 82.94170848635268 82.97270162138233 83.59489599900411 85.20114307760207 85.2677587530392 85.29172980202824 85.29733038936155 84.03289534382937 81.9711183543157 82.8875148615746 83.89161300701596 85.27620760079763 86.20452973767253 87.1933098796283 88.23432005573324 89.31906612695236
-9999 80.58204777339193 80.62407930425613 80.6901017476902 80.7797357606765 80.89257533187416 81.02818853721062 81.18611833710743 81.42846513321999 81.61142759706618 81.77841588080302 81.99527923655234 82.21193097431288 82.42240367798993 82.45472027910301 82.47383247246457 82.78705416986875 82.61048314234291 82.64287733270478 82.65976320911342 82.7402005895739 82.7274334133884 82.68910244349499 82.51876236718493 82.49107655109752 82.45795316173799 82.58260704602502 82.29454851747181 82.2968324466863 82.47059594697845 84.54134313800428 84.94800700627252 84.97649035068255 84.96402243018915 84.93493591193094 84.91363992232377 81.49695462339464 82.33429999010822 83.64465845126058 84.50516708441651 85.43282097099534 86.4190340783984 87.53852453629545 88.79512256200849
-9999 80.03814546127626 80.09247634949953 80.16909764309959 80.26761842004679 80.38762319633702 80.5286726978466 80.6903046656922 80.92418715536213 81.10557404275333 81.27383503153018 81.485574083128 81.69544668235466 81.34970367531591 81.51551145400498 81.67156809148797 82.01232977123395 82.02936283829204 82.05285857010375 82.06026094285438 82.01732500907022 82.082966309793 82.03606533650098 81.87988988737311 81.8372235732845 81.78926307829141 81.90780559651925 81.65622083831875 82.08141921409654 82.21023382533286 84.41136634110119 84.46386820851056 84.46347655826054 84.71333676936241 84.6546674295303 84.60555795351678 81.21711736161089 82.29069567449692 83.0733679960071 83.92944890532532 84.85078203009866 85.83003433696909 86.90179573706989 88.07941791407913
-9999 79.50538709787713 79.57106739103622 79.6573295749591 79.76377178776896 79.88996972021137 80.03547740085253 80.19982801185951 80.42194220401942 80.60175476341243 80.77419726946198 80.98042082512642 80.66837497790841 80.82633358208987 80.97803514011116 81.40349474530667 81.45061190202793 81.47331096598933 81.48497422329272 81.40912271500682 81.40042189433714 81.39487951620755 81.39953620795922 81.31881815189662 81.19700719535452 81.13423358501127 81.24337300574827 80.66354738389239 79.73050523365768 81.48195191586223 82.83671436738223 82.90784657128603 82.9746111229849 83.04954015455684 85.2251310686727 80.7301774401468 81.20195925760486 81.89695472679047 82.67154521159017 83.51758695263678 84.3273448970722 85.37180799419953 86.4255396268566 87.5390711419168
-9999 78.98137279883403 79.0574431146857 79.15238036414108 79.26577239035535 79.39718671131527 79.5461713179965 79.75085358647013 79.92080465766882 80.09904766727587 80.27711038037813 80.03101357971514 80.18127582873875 80.32875405159939 80.4684582006847 80.84539463052553 80.88722251773473 80.91168595364796 80.83106380794294 80.82953032882719 80.82099616053958 80.79781015116947 80.77974189086501 80.69067446862428 80.77266305890763 80.95460107703224 80.320126128339 80.0426918154117 80.59147350831562 80.83089252770371 83.37705194956592 83.54579843258509 83.66957351621286 83.75924071879615 74.39206894801532 79.41936536976307 80.27232879369569 81.51692170658004 82.40746785012635 83.23783634466963 84.03012097243116 85.04293735977247 86.08402351313217 87.09743779584711
-9999 78.46369019916128 78.54918286406928 78.65182262941052 78.77118769852154 78.90683807549627 79.058316374442 79.2487015047779 79.41984846064588 79.59653019891631 79.78017776232285 79.56934945379103 79.71278480143664 79.8519034665534 80.23749998833868 80.292758311492 80.33011492075786 80.34958227027768 80.27613216249244 80.2691460759648 80.24790669885287 80.21537546375357 80.16242657301635 80.18765958847086 80.261108995212 79.83377384674881 79.72815542077281 80.50452207803868 79.44237300417542 79.72651408545175 82.73910085959383 70.92499251595693 71.75096706796813 72.81013600603501 74.05982732439108 79.02830403912169 79.9224805559777 81.09797676495322 82.00084693528086 82.92387245372053 83.81952207178169 84.80918272762122 85.8114672282302 86.5931377333443
-9999 77.94991957790216 78.04385977024441 78.15322392900997 78.27758127637134 78.41648496665987 78.56947290201751 78.74579850371147 78.91814926683648 79.09328147948027 78.94894457361384 79.11906735476 79.2578018367159 79.6240456444914 79.69460106894125 79.74673555998064 79.78044130359272 79.73948186490401 79.73904157793274 79.71835347453967 79.69128251146668 79.65284064977196 79.63439577958496 79.81721779604071 80.0194311476577 80.19039879691591 79.80415317879785 77.71154969882203 73.2320534237453 73.36229729840483 69.96524923543572 70.61903393809513 71.53258182231968 72.66309754691648 73.96794057748572 78.7673801021437 79.69458244298173 80.80399760270636 81.64762796665488 81.57146843891753 83.12837360269107 84.63297256289928 85.60471346420698 86.2256052730949
-9999 76.96465971200391 77.53904589719554 77.52808568417849 77.7080552087752 77.89210919898781 78.0795549362081 78.24805628504413 78.42568995544237 78.3688346968787 78.46084062948677 78.89559343006894 79.00215678214222 79.08985514531797 79.15863514303562 79.20846679078082 79.19344051947188 79.20560913787254 79.20159537971597 79.18192121281461 79.13310049016793 79.08233471657793 79.07206445483668 79.31872456920973 79.1709303066859 79.23315364296866 79.33075568727423 72.81561205306065 72.753459043698 72.95791999037317 69.83770958990684 70.57579943699562 71.55692381707877 72.73831935648505 74.07739744818251 78.61641473482898 79.55718839062298 80.61073772888378 81.57779329699966 81.68553590273719 83.12231975699366 84.36760874050941 85.400085087888 86.31855919567519
-9999 76.50244344356196 76.74583192697796 76.99103499392704 77.17927157389033 77.3689019643917 77.55922608812806 77.73650528063376 77.91531092805536 77.92239406974912 78.25143387283771 78.32897072650007 78.44355759794976 78.54179344029531 78.59919136995339 78.64427009925951 78.67147902541623 78.68130388997338 78.67425071552312 78.489430290962 78.56233874193738 78.51798718773628 78.51671471782977 78.64366452351324 78.65301784684937 78.74175030617711 78.86668140263518 78.30747863918444 72.4655728385078 72.73173889790456 69.95525117889923 70.75779891711466 71.78617910186267 72.99768008356779 74.34978607783545 78.5496543752724 79.49283874987698 80.49396413826642 81.53346672845701 81.82741500048246 83.13096326527786 84.26407022023832 85.18547908630032 86.10721517343822
-9999 75.92112877241473 76.17804419079735 76.41910804073758 76.64411804307358 76.84460410304263 77.03665630532112 77.2266630678086 77.40394362783022 77.57339191164658 77.72994063267836 77.8725481960886 77.94608140558994 78.01843332769326 78.09236872727638 78.13310537950349 78.15920144085253 78.1672168405611 78.15765960503708 77.90805810985604 77.99547242487965 77.93022827328703 77.36664853983302 78.11290428527025 78.14538101452338 78.26064022699418 78.41226542590512 77.87980622551116 77.83900759605747 72.66648101861375 73.19466633709442 71.12814344278333 72.18315970910032 73.40371006333692 74.74737185874565 78.54410387291608 79.47593123506044 80.64095719696856 80.60714042324898 81.95297153843786 83.11023307899393 84.11816395559885 84.9341195774148 85.86241511639048
-9999 -9999 75.7280763065537 75.92832648252318 76.12498691049811 76.31793224601141 76.51330278660657 76.70369852293969 76.88184128052235 77.05096368155425 77.2078610692428 77.34611523035194 77.46726332403549 77.53492083609162 77.60990665455287 77.66526203174675 77.70036407271598 77.6639844410587 77.36099856386302 77.34221142325973 77.40799663043808 77.31646340162663 76.79579350995081 77.52328727273145 77.64838366911138 77.79017137819815 77.96783509335668 77.48242069832568 77.42491830676977 72.74537474910755 73.29731142739757 71.65061959366184 72.71137900661434 73.91966682119173 75.23317391407065 78.57865392961276 79.48513156965907 80.70777338102172 80.85271500997683 82.01843783451514 83.01644022914903 83.8862755277267 84.61928885640333 85.34372478934101
-9999 -9999 75.22869553823801 75.42797972028434 75.62224507316387 75.81136768392344 75.99522835251861 76.20605801720993 76.36619912192613 76.53534327464932 76.69126643240955 76.83124549483486 76.95409893968862 77.05502007691798 77.1318371693404 77.18802304517548 77.22295420577338 77.02057547016292 76.91215113696892 76.88157839268192 76.8611958137657 76.70570815870559 76.34691403059995 77.01084347843499 77.16238100356834 77.33068305037727 77.53370959481784 77.11725044292261 77.27889785268805 77.28507695522218 73.51350534487352 75.80397465607689 76.47168430581365 78.86174628268344 79.26310535278964 79.70368901062274 79.79415689353547 80.51566425529151 81.20639114414584 82.1106375683959 82.82124750350425 83.5252747900101 84.22933310353723 84.9372609995934
-9999 -9999 74.69863072076265 74.89668719492815 75.08983024563841 75.27793663367679 75.46088776932727 75.6385698366836 75.84462227667512 76.01716212089426 76.17557620091438 76.34355455360547 76.47526020853411 76.5884430983536 76.66892082065593 76.7332107649161 76.77385099996195 76.6519890226789 76.64724351025926 76.34258410908319 76.35992202316729 76.28836402693025 76.020788257363 76.50976628227505 76.68771913257879 76.88250545572035 77.11019960218763 76.78619642711048 76.88654105989474 77.10081684707882 77.3548755464741 77.74090502774112 78.37128056796718 78.7347217766212 79.12788097488132 79.55362478785443 79.82320491352542 80.42508040880303 81.05074656762542 81.7040955113819 82.38620955291601 83.10286405144912 83.8262917332983 84.37213529418176
