kriging.asc
NCOLS 250
NROWS 250
XLLCORNER 2.0
YLLCORNER 3.0
CELLSIZE 1.0
NODATA_VALUE -9999
[rows 209 to 227 of 250, columns 88 to 131 of 250]
110.17670173029656 110.62854072538266 111.11262787008398 111.55264836293773 112.00064920240872 112.42137754172654 112.8529801554581 112.90481406423957 113.27839926604268 113.6639204826338 114.05985692095021 114.43160749347076 114.88216937041942 115.35374418945078 115.79233753915699 116.19769534236234 116.54915564168576 116.86097767471958 117.07523856002511 117.21899639328167 117.33133321349415 117.44594441950241 117.55214215684464 117.66018598242961 117.78032228649403 117.92276387242549 118.56112301259137 119.35369899369032 119.55859552702424 119.52689093598329 119.8858435853146 119.96690538842077 120.11525223370752 120.03316959994069 118.8320370216527 120.68807032449612 122.93455185207586 122.9184487483792 122.79883523120938 122.59856946044874 122.34063016749943 120.07346173803438 120.33376867752311 121.8141645573645
109.5006306827878 109.95266208662962 110.44503567830523 110.88800816960014 111.35461465775751 111.77432437234374 112.23515865600666 112.30803809398644 112.67185963708485 113.11807420209554 113.49638854990599 113.86859457994532 114.3234506843164 114.76992413078665 115.1919331950008 115.57984486036719 115.91851992512485 116.21367474876445 116.41037835676724 116.55207239798457 116.69053257505874 116.81375088648046 116.93154221919342 117.00849237866325 117.14372918120384 117.3039047835293 117.50026808599806 118.25794839243797 118.90816201895447 118.88878502825747 119.10208323013867 119.27983240988752 119.37986957306867 119.76808824904327 118.75500752688981 118.71613855664668 120.02168261740934 120.05578447671732 120.07289828384215 121.90107068553965 121.64629123667342 121.35481604698816 121.04977890148498 120.75429983450891
108.82226861725765 109.29082772438524 109.77482520561378 110.24440400124259 110.66747899871534 111.12258850738122 111.31303239027153 111.70439684524574 112.1176506157741 112.53981123068283 112.84335048241209 113.29872800925644 113.74670033833347 114.1781320737917 114.58394926896374 114.95515749246081 115.28081726302536 115.55680356912947 115.74600784274172 115.89064448364715 116.03124274623286 116.16049920463486 116.2881655302094 116.41101935713581 116.53228810209313 116.71393900474268 116.93557839115518 117.62872179495446 118.01016912764744 118.23527612093119 118.49051178083018 118.52390840700363 118.51464573923266 119.1401090585174 118.18628062132325 118.15567350904007 117.40405953334061 119.3738158883143 119.3864078615975 119.38850648332435 119.38687365169588 119.3881329617314 120.32596744048215 120.03899747084988
108.15104042893142 108.61899166082435 109.11644205770654 109.54660963190565 110.00521426881026 110.35124865536017 110.76506504303428 111.12084495013843 111.51817681626537 111.90092768178363 112.26344618808608 112.72149033591688 113.15883237550703 113.57597581190375 113.96670518595066 114.32266559307175 114.6358138256082 114.89661346509622 115.0793838838686 115.23431440132472 115.37300148606012 115.51014769975288 115.64990744003902 115.80211859623836 115.97661536237374 116.18320826927226 116.4048908141922 117.28300159355854 117.35746837153872 117.5824112889464 117.80375192044761 117.97238605828375 117.94180322436296 117.94572461523353 117.62464584958468 117.6027524684414 117.61225010184057 116.94944189634043 117.12864980341692 118.69940529000195 118.69511040268503 118.69417705711058 118.70331969410967 119.31178682320954
107.475345164001 107.94380182519531 108.45087106737341 108.92701210581436 109.37503065215543 109.72642200364442 110.1411611513436 110.55323711370033 110.78927773147873 111.21097455546938 111.65609361470776 112.12052829210525 112.5596458219385 112.97660998244535 113.36152292972143 113.70468034871882 113.98943352117797 114.23243098769855 114.48437037510567 114.72354707546627 114.7325774626284 114.88320942602772 115.04032312015529 115.21370582995881 115.41313649930751 115.63054403033766 115.84980809230987 116.63756146791339 116.82869916892678 116.92031980624692 117.14055566594544 117.23882203098121 117.35998946402525 117.10695170956967 117.06591337611366 116.85315534847632 116.8578729609992 116.33846353224862 116.51076400902025 116.73644397223188 118.23805781216929 118.19560594785487 118.16071777261419 118.04602990859865
106.823327954449 107.28694480784785 107.8150925329911 108.26254375050188 108.6656944318296 109.08257125957351 109.50049959313023 109.93800707649096 110.11141930029815 110.58227386441068 111.03759667526626 111.4906087434853 111.93053284488808 112.34122026276779 112.72014825688875 113.05788808047564 113.33399343422018 113.54468137736833 113.802106346979 114.05514586400103 114.10094691280435 114.2689245801037 114.44725442091308 114.64566877774939 114.7922105077552 114.98954333489591 115.35768537080554 116.1282158028171 116.17551642379657 116.29059097297207 116.33696527960964 116.52311216289071 116.93129141517188 116.43806408580622 116.35857940241158 116.32355087251676 116.32985761189289 115.80122529339769 115.96792805557561 116.18589647042495 116.44172721415089 116.72189038226679 117.01275608226808 117.46083656942031
106.14653296160563 106.60903082922107 107.1453608058138 107.60111515560111 108.00768858663417 108.43274091224856 108.86056036559897 108.98474827997536 109.70813403142931 109.94577216487215 110.39530933785818 110.84631899727836 111.28487784758266 111.70018931787325 112.08009430801805 112.41991635213364 112.7176822047628 112.86408655010507 113.12640393695918 113.39537499446402 113.50478031302052 113.66726242393648 113.87068156011283 113.98038525206715 114.16367307365586 114.49088282879265 114.51411897720355 115.58115821562222 115.51967936420122 115.31911082368873 115.61290230991632 116.08446614761799 116.32556636362743 116.28054925776429 115.76680491626843 115.79351839798457 115.80152482341327 115.84468127946252 115.42984387989782 115.63916002519989 115.88430134482735 116.1517648130544 116.42795036566906 116.82083181698319
105.57307668400733 106.02968038067817 106.48942932039466 106.94059062420313 107.35102625030056 107.7721903179659 107.75866795175426 108.45414633605864 108.87553086650263 109.44002171712884 109.86406756411529 110.26809870667685 110.60787707994272 111.02145320395329 111.40368920699004 111.73595710284516 111.9662484851952 112.18688111899837 112.46664191095199 112.76634755655125 112.88319720438189 113.1221147833885 113.31069104770052 113.46164859595166 113.65667712562785 113.7568303739869 113.98578451050919 115.0274530226036 115.25835540274637 115.17638075295864 115.32391000380655 115.44117038462342 115.70428119021004 115.6340437902288 115.66163781533915 115.65581237823248 115.26733714399919 115.30946759173239 115.38042863068355 115.09132830463864 115.32492986529678 115.57890431374625 116.05469999534765 116.15998601877413
104.95309271699536 105.24307506583025 105.75375031494978 106.2647972690373 106.68642889019289 107.11457454827122 107.33282896860524 107.94538797227494 108.35363106145385 108.80592098083497 109.21043451771618 109.6073627284034 109.99072874354695 110.52555254821418 110.70564959145457 110.98551036589429 111.29872083307458 111.54046873263482 111.79641999910424 112.05623853543126 112.38747694499314 112.5594484681548 112.13535859760702 112.14819535885931 113.04598723384186 113.21653048659822 114.22119514755335 114.46446694321091 113.86529772080912 114.71608794983504 114.66877694956423 114.96867132363383 115.06500033079982 115.01264260147265 114.91197105973654 115.03186706729102 115.03606418831653 114.74922869989508 114.8103643519361 114.53722552882994 115.29792973034341 115.30045772694973 115.4014073417523 115.50976494382232
104.18072171044649 104.45161319987798 105.0498285111174 105.58510340976143 105.94821064813934 106.48830139891821 106.74893460548085 107.32513802516169 107.77007800880205 108.1989989716627 108.82638049063462 109.28001455500365 109.59685646147399 109.65350204411675 110.00879499126151 110.2889577328085 110.61563925024497 110.9032723150554 111.14116855002302 111.46335412614428 111.84325386698724 111.99832999214318 112.24759641052825 112.49532203674615 111.91772258577717 112.65034871081271 113.65168702089517 113.0229634519295 113.92118433955221 114.07980619882619 113.99871875218724 114.30576058928214 114.4042202105715 114.37214174067023 114.28321829435488 114.27663288996916 114.285326845541 114.40875090817752 114.44144214896531 114.51733601875108 114.6128334333917 114.63100597681243 114.74422041018596 114.85180479566446
103.47967879443561 103.74618689697851 104.22092163102803 104.69286396785563 105.177373075578 105.5040944957904 106.13394429919656 106.94201735823484 107.40834216656316 107.70834273838287 108.10140705772493 107.86707810505453 108.32690816279546 108.7765743114996 109.56521374914232 109.66610729154901 109.9310125965157 110.26057623194689 110.49379793749667 110.8273641152682 111.25141931924219 111.45961238417415 111.74025485916975 112.0605880079583 112.36504031547952 112.13084340481686 112.71662210478863 112.5822725161991 113.27661119291095 113.4254164600592 113.31626838450612 113.61864254077459 113.71217015165047 113.70908500819853 113.73080527724596 113.62669689071302 113.78941520354971 113.76880301861378 113.80722853214306 113.84720987250918 113.89345213982197 113.97282387661578 114.0683261704579 114.1777837140141
102.76980638805917 103.03250724017252 103.5320026121405 103.91695011404192 104.58660224895245 104.81858133348382 105.80326805474333 106.25458269578476 106.67536061222192 107.07998135117553 106.6142574027944 107.16410058155822 107.61216814867376 108.76546818325383 108.85770117675068 108.98191521834212 109.16062911333215 109.39099253176373 109.75909431873674 110.2050198415457 110.6630036024627 111.05276705755374 111.29495453538618 111.52558183226395 111.7543387009353 112.92778618448938 111.88852875779969 112.02415903570542 112.23740700819658 112.34325211317633 113.10896958789834 113.2309851948847 113.38989896511873 113.25261351317259 113.24234305545286 113.13561218007005 113.09545174566509 113.08001477329529 113.08936378393217 113.11605695733672 113.19649512619199 113.2939089580762 113.3894657350827 113.50017376581425
102.18910045439765 102.43139598289343 102.7056585617728 103.2214212186488 103.817912998073 104.65331863015825 105.1802784390816 104.77004281161449 105.12221451789286 105.51125584010327 105.92827357667466 107.91081116744431 107.9982333179218 108.07526719155723 108.16395416728923 108.28688288323235 108.46714522790231 108.72828790596557 109.07959361847102 109.57612738281584 110.12465918262617 110.3891464948173 110.6284919936445 110.8519872495944 111.86870503748233 112.19861576734834 111.34055920436832 111.47705465522029 111.61666718379202 112.19915379187184 112.30758332313391 112.41663029323274 112.55565411450041 112.635898096012 112.48889740372856 112.39873784022677 112.36357726501603 112.35330694793322 112.36798631871096 112.41477822884504 112.48914170339452 112.57413934085896 112.67901641157349 112.81111139886548
101.2641919952343 101.6661680725055 101.99143528490094 102.55922846043762 103.05117754286724 104.84071603708196 105.62857280348771 106.31034559765249 104.94923011996053 104.84204797460836 105.81568472216668 106.1715327320257 107.27651773838596 107.3543156983066 107.44476277387298 107.5710160403606 107.75673264698345 108.02588971618464 108.3761688668111 108.92331023585533 109.37357114948671 109.66569914029415 109.89498362079964 110.10433751088821 111.16973601571301 111.70419502871246 111.99038752867077 110.93611889264483 111.11997641280158 111.58165401925325 111.70010115248533 111.54676347651208 111.59178912124645 111.62580431280963 111.6053472811648 111.56527385227984 111.59416431253838 111.58904895717532 111.60996734226927 111.66411801508623 111.74392862940933 111.82834093364858 111.9445433182587 112.08024283578503
100.4291886040074 100.93096397617148 101.40646930155106 101.81827327649138 102.31307222791523 102.58702053253191 104.84246289478358 104.44592086990542 104.8474616600771 104.74315827288015 105.10746581450414 105.4549268496587 106.52631935349518 106.60833374672569 106.70323096100793 106.83488244666731 107.0276641844999 107.30640876249319 107.77651465899872 108.25920791985625 108.74695705244176 109.01301450447411 109.27694276573354 110.03709633602669 110.43100529763745 110.34817570996735 110.56220215892141 110.73232739341951 110.46067312283509 110.59094639786058 110.57147617183378 110.72805000345191 110.76980187854527 110.80164042991333 110.80392335934803 110.76729973307931 110.72831069545887 110.72145914436857 110.70803635276906 110.87469218756411 110.95231546749815 111.05237648040985 111.17331250967541 111.31353082672521
99.95695037902127 100.1378385118353 100.6150592898022 101.06865874801264 101.39239155366243 101.8061130258164 102.24078413970715 103.5424876632269 103.95877482541266 104.33475331273684 104.67167563947388 104.72192631179144 105.73668321543266 105.82913060736482 105.93400303996344 106.07573321430199 106.27925778238114 106.64484379359166 107.04707690160627 107.58769006042479 108.08666959484243 108.47860531135748 108.79715736995253 109.15444679662718 109.3584029504851 109.61357564254375 109.82735586374496 109.43087564740216 109.50075909648623 109.62312871754675 109.72286848379535 109.88833950832516 109.92445109022496 109.95174808833957 109.97341071765464 109.93868816824416 109.89990100910791 109.90774634378984 109.91276081400747 109.98671618101807 110.09528828179896 110.20539458969007 110.33901896289517 110.46736256358034
99.17227957967589 99.42422067210737 99.8459385161089 100.25467787602571 100.69209843669918 101.11294547047287 101.5366877636161 101.97440584489078 102.40525469952784 103.46596802469128 103.82127489250905 104.14342274620986 104.9162682186651 105.02340608411586 105.1418278964288 105.29651921697834 105.5129709843149 105.89125488073597 106.30003299488357 106.9074840710591 107.13672252990033 107.50633516568152 108.13111529295946 108.51446842149926 108.7305195371271 108.26599974189492 108.45802947042863 108.49819859079821 108.68738192836727 108.51587224890801 108.69386120340494 109.02960902096002 109.0577176974275 109.07811118714503 109.0716587356232 109.04578605516238 109.03605554780054 109.0355475993042 109.05242439110228 109.12790417658478 109.21687821596194 109.33209457211076 109.42777351669805 109.59364663809231
98.3897332657924 98.73897846763053 99.13485760610975 99.57113578593078 99.98224806238576 100.419200734426 100.84668617167836 101.27375552420438 101.70100440957702 102.12364698960738 102.98022990291497 103.32071034184521 103.52599234696916 104.19523081824445 104.3302033620576 104.50016635289867 104.7832355340864 105.12257347253436 105.53594752522534 106.02690914147401 106.28812271654647 106.93555086400127 108.11441389585013 107.76821981334248 107.1495462626618 107.3588188247915 107.54771582994371 107.71576153842065 107.79436769279725 108.11551191016041 108.16241230923174 108.69682956455262 108.64057753346353 108.12307448360404 108.13332413655468 108.16474780527108 108.13089386540526 108.13564676818073 108.16338467736072 108.23773627074233 108.32807830327582 108.44482126999809 108.54088582246106 108.73398562912631
97.62041881311163 98.016790288261 98.41515513496311 98.84973422083698 99.28959062085818 99.71948602535447 100.14314726045012 100.5671366449245 101.00313814927576 101.42254037654394 101.82718238141794 102.23185522006872 102.6180620765863 103.34988764251119 103.50383852599373 103.70979524719101 104.07170095871079 104.42669313968953 104.82564897964579 105.23289467640743 105.7308543598945 104.64807948015134 104.76383679838473 105.51061324462702 106.23356844818447 106.43683948227637 106.58601831055314 106.73936465646139 106.87472581882743 107.29297138468917 107.32696379642636 107.13683965510971 107.1533073087733 107.16408967899578 107.38949765072853 107.26488721467679 107.19719074536873 107.21325505499814 107.24977334912342 107.32097864799579 107.41315289901294 107.53189102556503 107.66750654083022 107.83176527579779
