kriging.asc
NCOLS 250
NROWS 250
XLLCORNER 2.0
YLLCORNER 3.0
CELLSIZE 1.0
NODATA_VALUE -9999
[rows 171 to 189 of 250, columns 44 to 87 of 250]
107.24738362769304 107.06486867671562 107.5122611666811 107.9294665819832 108.53041553638732 108.9902848156203 109.42066459697611 109.90334752903428 110.32363661960636 110.81973542260636 111.39735479973143 111.96851441661808 112.50059390290264 113.02625709898368 113.64557811699041 114.29875521838098 114.9816369247855 115.67331697402349 116.44893984654126 117.21013785964907 117.77050385055455 118.41783195077171 119.11160599341189 119.80463348872932 120.47848909578 121.10906674991702 121.73712982911123 122.38890403300479 123.04008095670785 123.71440037744358 124.3520801206908 124.98976581732363 125.62529292604145 126.27315953381155 126.91615657943332 127.54071005172634 128.15080383126804 128.73967032725662 129.31842104792003 129.88944404825037 130.39821524042674 130.91460510486087 131.4109412654361 131.91198583758012
106.07533417000039 106.28059774502806 106.72668808221404 107.13635650146811 107.77900623243025 108.242886657821 108.71424757904678 109.1955745074688 109.63983839022139 110.10384236664599 110.71706829483189 111.29614853393772 111.86788358181984 112.38107086245694 113.00017970382883 113.65648888332007 114.35668198986158 115.0796667723224 115.81599675532475 116.56084467701551 117.30247876583007 118.01459457998365 118.67587703461682 119.39280695989457 120.0781450668036 120.72203434428916 121.3415636569024 122.00808287373536 122.66146043797065 123.32628997647252 123.96663799496596 124.62318199132478 125.27553765160967 125.91963300531779 126.53843716253013 127.15109424642525 127.74984308863489 128.33073070119886 128.87558614626516 129.42084140679458 129.9388431541754 130.4468146699524 130.93448838126858 131.43600677769135
105.24560065974978 105.47730629127982 105.92420125143491 106.32782537476751 107.02006260945876 107.48957720972183 107.96826902729795 108.41680669515678 108.94443345305055 109.38729660493917 110.0514348802513 110.625943018625 111.20829999852313 111.74688137654694 112.3567479294222 113.06413298283762 113.7661203306975 114.49682559204523 115.24425090495987 116.05088442561379 116.79725424772573 117.55685956207584 118.21796156531687 118.96381069751358 119.6908484810984 120.3296206484251 120.9560886491284 121.6195276945156 122.28309550521504 122.9352971304138 123.57596345627854 124.26232470583976 124.91936145520108 125.56880272537687 126.14374891845014 126.74584065589177 127.32615129029911 127.89160197092762 128.37741619071647 128.93821278685832 129.45450672157122 129.94738308316792 130.42645618277905 130.90187995681666
104.2261741620034 104.6636181599688 105.10668833922591 105.50576846100381 106.25519466662664 106.73195937512888 107.204469628168 107.72048202839238 108.25302752075534 108.67907024276488 109.39123390179276 109.96838850464408 110.58892281678703 111.15867281113147 111.75926612673682 112.45842725396695 113.17274396532198 113.912254762783 114.6722416396278 115.56466687771679 116.32298379158863 117.07259089461138 117.7899205541214 118.52194253051151 119.23985961146641 119.93911668009522 120.52593864932847 121.22613284728884 121.8879596988541 122.53377709901294 123.13848304052814 123.74989281690074 124.47673990727905 125.20386142755171 125.80224549890013 126.38861674714376 126.94304144979894 127.42226631892808 127.85355469282817 128.41641230112054 128.92518864555146 129.412130596951 129.87466931189846 130.3803191667168
103.38878884673656 103.8291138509827 104.28559576541198 105.01205161318497 105.51465310881305 106.00855041128169 106.51237375604553 107.0340683854734 107.57238738959943 108.15619053939635 108.74280760486921 109.31498250555438 109.98092082505255 110.59131777251102 111.19815954296678 111.86692859967437 112.58170741636152 113.32619676767602 114.24309978842751 115.0215527437714 115.82590523173702 116.59774689573436 117.35008354195092 118.0557153665646 118.79179190245728 119.49490577788049 120.14265301272071 120.8166535977966 121.47356158564065 122.10566975818931 122.6845627124853 123.28366481975729 123.87285834071415 124.66478168251935 125.42295199584503 125.9906402721694 126.52859399796681 126.91880770987552 127.42392661576584 127.95617841953978 128.37673445581075 128.86888369415783 129.34387705965267 129.86064810521137
102.53617331798544 102.98145856788267 103.44508435030403 104.57325954283255 104.96554737771386 105.32424243106063 105.8329633855429 106.35843864000837 106.82706691868093 107.51112506352455 108.1078793271152 108.66601128531471 109.3848106255864 110.000787073369 110.62411513952213 111.29176475799665 112.03576420328316 112.87797161152214 113.6815934671533 114.48365681449695 115.27362757370479 116.05591581057358 116.82532717935179 117.54700185567089 118.29471993604672 119.0124971530693 119.69309652211459 120.38088495809151 121.09985243330696 121.67997886708508 122.19590734442728 122.78357208902449 123.42995983152059 124.2659844900712 124.99036144251038 125.61086316914161 126.02463223552263 126.49033987782778 127.02792484589492 127.50866785348163 127.92931318893733 128.32881184434478 128.8058640629801 129.33100889137853
102.44910966400823 102.89548704294398 103.35832764876412 104.03961944248823 104.41945216998249 104.93062263822048 105.4380284045823 105.97719388799817 106.15885864674938 106.88133135480552 107.48815978838545 108.0217547074506 108.80109899338044 109.45395692712961 110.07121185828595 110.77071772196304 111.52223138630018 112.2961180439911 113.0861330599478 113.88493068435972 114.6851114476555 115.47988776863585 116.26310068449291 117.00547207724594 117.76455139871524 118.49147887974705 119.17026248213868 119.7878782402844 120.66793780044311 121.21605085186572 121.62869081573875 122.18309247318325 122.76466377892058 123.33205080692238 123.97710604169527 124.66989183118127 125.14313851348665 126.15932689295678 126.70057748530816 127.05837413232231 127.49979768290537 127.89723778591548 128.32163642454842 128.7626817239335
101.93335935301914 102.3762775016555 103.0409949434403 103.53155418152343 103.89830591715797 104.38264112302944 104.90720276933729 105.4448226828095 105.99519785788846 106.27478774220624 106.9842706395554 107.30947596315806 108.18442285000748 108.79185270546438 109.48589642459099 110.21982854701294 110.96081551688057 111.68957011130041 112.47375416363965 113.27222126944096 114.07662962400236 114.87924220301664 115.67294077357639 116.45124594549385 117.20833624994935 117.95223205784826 118.6305277356312 119.17846373913225 119.84802923377734 120.51442540275215 121.08290571385778 121.62266018024145 122.1477211089056 122.77339586662157 123.32647932695886 124.01648606010869 124.43496011600031 124.80302004887304 126.19492640633267 126.34675785209342 126.81963937820925 127.42112485782977 127.8345919178826 128.2419767700698
101.0902439539973 101.76723265458268 102.90419532174452 102.81936284778556 103.34988488614209 103.87868957071885 104.40154292047276 104.93756169506901 105.48644386489117 105.6846378751786 106.42247639985803 106.95730272025304 107.45112655288223 108.1945629252896 108.98676531754221 109.6951999534802 110.42658979169465 111.17798379892213 111.86400593263485 112.65481049905745 113.45743321821817 114.26319424333875 115.06402466765809 115.85248687237154 116.7477119012533 117.40023866204007 118.08678056572137 118.62981059967512 119.0619752969786 120.04341924612504 121.53228720659448 121.0425443036737 121.56928033111673 122.08770940299326 122.60149215850717 123.04456185002599 123.716094384002 124.13334325331182 125.7747407976448 125.81088906308288 126.28246391743976 126.73793441977995 127.2778952714219 127.72247867325292
100.48670927996355 101.85301823781863 102.37468196973592 102.92855022885958 103.46667255931538 104.00358964229338 103.70648456903658 104.26003288637031 104.82772518998159 105.01712727995223 105.85237106755092 106.403754882653 106.92270889313883 106.97548495410857 108.50851630380097 109.20053166974958 109.91761803244347 110.65670352515781 111.41417197614709 111.97225413174777 112.78858287736546 113.61724834081477 114.44548877198 115.33080826804942 116.08730830787378 116.85614230766672 117.53588637282557 118.08113703005985 118.50345079107292 118.8260757399054 121.1796507591466 120.46904460725597 120.98274481202417 121.4859413238286 121.98286369997844 122.47691471070765 122.89578049007531 123.30976626331503 125.09762975857464 125.06553298860945 125.54780031124864 125.98574754415024 126.85215889353142 127.35218242946574
100.80710052333492 101.3268428589407 101.84678152796438 102.46154204318212 103.00237368516336 103.54211500178364 103.2161510622791 103.77112052799754 104.3403337124229 104.46097747755856 105.12221995633982 106.03271794646591 106.1870385393575 106.29521235157071 108.06569782055718 108.73687473280852 109.4551215099614 110.16439772628206 110.89237834310484 111.38827267033815 112.19502962723908 113.02058198131868 113.8508017513887 114.71830616214245 115.52308040133236 116.278995733388 116.98254582934787 117.52928779340789 117.93835264982816 118.24539740454769 118.79701837281996 119.57661637328928 120.3934283226543 120.88081682347737 121.35997223318515 121.83486725075878 122.35345401010227 122.6153656886115 123.12479153556416 124.26271624600246 125.03252086625199 125.4175250516067 126.3420261777401 126.84375807385581
98.5578587303126 100.80269442529823 101.4681287954713 102.01223134465273 102.55568706564793 103.09816493462901 103.63933764177628 103.30663443420222 103.87727421481632 103.9245587374549 104.86836297153388 105.49590282089076 104.11254047493625 105.59365875278522 106.9410920297645 108.3448188964464 108.99372916989066 109.66971739490012 110.36957942932357 111.08989403807217 111.6233400242877 112.44049672527808 113.3215133577969 114.15781997092023 114.9627714207763 115.72128512552345 116.42009645823113 117.03393531949587 117.39105129480497 117.98087382625573 118.40036846634386 118.68848208935805 119.45124775075935 120.27799882526234 120.73837452343943 121.19277003487099 121.4506944612675 121.93265343564268 122.44136645501322 123.66224407653735 124.48507969568792 125.28722436997106 125.83507300478243 126.31188026265654
96.18194256436782 99.10531488742149 99.16051296918238 99.8248310445717 102.12685265624165 102.67197771865247 103.21590604358113 103.75831274719783 103.43879454734886 104.02433840214727 104.3912425878292 106.68057059770739 103.29288456466196 106.88546161526422 107.40291829466526 107.96178740681201 108.56252585564098 109.19992736278101 109.86715493928166 110.5607652720231 111.27709634066335 112.02392477582183 112.77763094857755 113.60747347884245 114.41039155681067 115.17048783052861 115.873679204622 116.50771806224257 117.06993431424594 117.49002710963653 117.93311950990726 118.35073588907936 118.97530083651898 119.32273127068503 119.72992819940286 120.12824146018568 120.79752951480916 121.2560285742955 122.41718899788385 123.0745622325864 124.24839501764829 124.81501806580019 125.30740516467829 125.78445830107816
95.44282857905065 97.92098139653098 99.16897710348378 99.17264129967916 99.8568795047992 102.26377288056577 102.81036331442007 103.35553647545699 103.89897012979462 107.43405147624108 103.93503231241849 106.39195048978972 104.7845025596315 106.66154222336498 107.11435405574717 107.61543189258971 108.16292138278577 108.75695974551167 109.38755498441364 110.05739494112471 110.73582502621593 111.5376834015172 112.33758490207703 113.07069846623341 113.86928001220824 114.62984471584524 115.33670646770489 115.98193607567937 116.5520008894787 117.01009047985431 117.46958463986107 117.91637912319896 118.45554974118623 118.86055907049037 119.20523796401541 119.728602426569 120.12111087308698 120.52244461373316 121.14454545039166 123.24460978059355 123.7987686779394 124.29789548979379 124.76230278996054 125.2356875982843
96.54762220677587 97.40774638759845 98.50867303948186 99.15768077213826 99.23133336567707 99.93529024120173 100.64131963887547 102.97075035112452 106.99735228637604 107.12255452751765 103.46012076746368 104.88242792432905 104.45786441176273 105.23969273767688 106.86965810880506 107.30718737855771 107.79762826304201 108.34216813742918 108.93813800872748 109.55957503152175 110.27595894513158 111.03622606580319 111.81879714260512 112.60606058671894 113.34209699615911 114.09952118724816 114.8137717434394 115.46776046170008 115.70820288427379 116.051830717457 117.01327594288689 117.48553641729555 117.92517765568688 118.35771768761556 118.79459374074524 119.19890509203294 119.72771477206248 120.12039803580582 122.12757303569057 122.73947318859487 123.25699496481835 123.83072716636018 123.93821250837269 124.41382240457642
96.95672295818065 98.0360250637948 97.9301553928064 98.60370394243245 99.38076628659425 99.84170651579339 100.51449912370872 100.43535381616857 106.68572891720464 106.80966467400441 104.22329386980886 104.72876753848698 104.93999063718121 105.52722927754202 106.80910701692149 106.75045551623178 107.36307268665817 107.96500400111542 108.49871650991267 109.08687334932372 109.81564875439719 110.54933762486002 111.27446950260239 112.04854729626732 112.82153213272602 113.57863787139857 114.30510008007283 114.76018087850836 115.15764092501186 115.5375343001985 115.90974917669297 117.0480795928877 117.39404978739283 117.66661878333261 117.87964801259967 119.09159573432427 119.50594954680768 121.0022083418265 121.6085108911446 122.14156840673931 122.76611447275641 123.02334376596738 123.38317077156843 123.86132228896312
96.23933691091482 97.32214030844861 97.29931162644358 97.99997981628479 98.79674796424493 99.84925408182592 98.22314379801341 99.09975622748057 100.31227015763875 107.98370504812141 103.082437180325 104.06507510298019 104.65742068976499 104.82887380912393 105.5058467730781 106.3815645937557 106.9644506707094 107.39142064206219 108.00022639939635 108.639089603324 109.28602896903904 110.01005417129565 110.76623288144037 111.53982090956258 112.31603321174737 113.08007287759867 113.81716040065679 114.52558122414376 115.17267626562852 115.74605948657089 116.23051154986902 117.19134540975934 117.5187084509339 118.06028314084352 118.59055741171905 118.58433753538034 119.90077607106038 120.51753255284383 121.06066148732558 121.59123762220736 122.21009676089221 122.23912144912893 122.7268061413929 123.21429186768097
95.53453215859759 96.62062088867849 97.00185400229154 97.86267583858705 98.4438278973275 99.27763444963948 100.08629279097077 100.86931453589838 99.88766007939802 101.43101879692088 102.66033369079929 103.76580939495227 104.34436803285692 104.49341954458802 105.14276853717446 105.7968547201947 106.5929939203537 107.170097544169 107.76948070273932 108.59966320210849 108.80041159440162 109.52472549683935 110.27755566141194 111.0515166379124 111.83181942094461 112.60365873442619 113.36120614254851 114.08228145575028 114.72988848845188 115.40612965991173 116.05735780120466 116.67767777310475 116.89310802588464 117.33097646305012 118.07589085772469 117.9882444768098 119.5455013508923 119.96998221763533 120.51000829305352 121.03756086330253 121.64809590792296 121.68037703539315 122.16825557970014 122.65604636814498
95.13866979841757 95.45480299634997 95.63103232166836 96.57063948939692 97.49084573015885 98.75733554500435 99.57922955064848 100.37554650744863 101.145817470928 101.586659669315 100.98129183710925 102.48129145901771 103.19583692333504 103.39662094648818 104.09996874240463 104.80034038745279 105.5000948419449 106.71296179063022 108.14735185496451 108.68449529699454 109.21250676683522 109.75667884077728 110.31774277526205 110.89639120470267 111.50731901597864 112.11283321613884 112.83137520630794 113.52749451552664 114.21317204960071 114.88242546871187 115.52930939138862 116.01275753074486 116.38438536666693 117.0844188654506 117.81700751889277 118.53754229557202 119.10765184179611 119.47021282907997 120.01529933885702 120.5475450949867 121.06380879400041 121.12210175771602 121.61007654786462 122.09807474970015
