kriging.asc
NCOLS 250
NROWS 250
XLLCORNER 2.0
YLLCORNER 3.0
CELLSIZE 1.0
NODATA_VALUE -9999
[rows 228 to 246 of 250, columns 44 to 87 of 250]
80.06164775429872 80.14526816405771 80.34670508955766 80.95833622437652 81.60204344338955 82.24907346285055 82.93502260231729 83.37075699474775 83.33274435874056 83.58410446003955 84.08458792442457 84.33538216196216 84.90876440946529 85.42312605164487 84.79474976467806 85.05311795894164 85.43098882154263 85.91640321372824 86.31277342693886 86.97975315368396 87.34918785824541 87.85763259385317 88.16539717798977 88.45323072398156 88.730859019406 89.00828054646524 89.2884460433699 89.63063290124752 89.94714090039899 90.3016292361314 90.69761347794727 91.12145774340108 91.57688111800438 92.02388833821408 92.53661295409911 93.09046057274331 93.6921140908122 94.26679885001933 94.84267078712388 95.4027783035437 94.97388969574854 95.57486626548655 96.01292197118322 96.43481288542743
80.07632735353184 80.15301277039916 80.3321084004697 80.63279804391742 81.41124459168879 82.4038562605415 82.72888684682368 83.19375831772021 83.61975245922525 83.30872764199286 83.5717243902885 83.80629578345935 83.09812275579763 83.64086181745776 84.13151708458838 84.35860038317037 84.66870029765687 85.08121374402454 85.65919927082581 86.07277879465357 86.48201106160704 86.95518063665558 87.27571654714336 87.57216967682511 87.95879745899927 88.21798103279617 88.41128097092152 88.70248191405476 89.02662197144963 89.38984628159257 89.79186932780598 90.23610792332414 90.7311078259839 91.21168063149604 91.74879047355839 92.41406915298741 93.03428680489114 93.56091228781786 94.05738688056107 94.31489766401067 94.75224753974402 95.19981828482751 95.49382372579225 95.91351891942803
80.02392033628853 80.10531175571471 80.27249480719865 80.39634147397302 81.19307705556734 81.9134791711286 82.49934561465312 82.96938997587462 83.52565541086035 83.80730001147597 82.99256962117667 83.21375054310191 81.19457686437649 82.63343815763243 83.4792775545201 83.66609910334441 83.90299643514147 84.24705040330176 84.71308158790298 85.1503044318058 85.57301056908884 86.0335283065505 86.36770149422199 86.77324672739613 87.0519185635784 87.31856573234683 87.58514595519513 87.77518959564195 88.10581583420239 88.49450880990933 88.8926112138065 89.340929025031 89.85650171467478 90.38948162201443 91.01650458671605 91.59957531211151 92.25029563099116 92.78636483933731 93.36034076094394 93.4876795355716 93.98783891753934 94.4333629650162 94.90213849144314 95.3549863684557
79.87111837138106 79.96114758220878 80.128528305878 80.52563961793192 80.89794373066837 81.63275260341017 82.18577944476499 82.6623561492709 83.07610027977474 83.50665864306305 83.8953443919116 80.96582149056802 79.22194581168608 82.37780407912022 82.76709006744181 83.04956327730729 83.13768146465563 83.26372264238897 83.75886696662252 84.22097811857348 84.64929153741424 85.17673818695866 85.53443491416027 85.85306118540458 86.14378582566899 86.3884550102217 86.65897643152692 86.86644823791242 87.21520833956366 87.58163930037934 87.98132327943881 88.44613890218585 88.96645012638834 89.54998368686685 90.16566078953635 90.76560294508388 91.39696823022315 91.91679755537524 92.14474849706637 92.78804640287471 93.2725160040534 93.63616552548773 94.10312574199574 94.55539807547495
79.51603508733537 79.5830265824018 79.7863969267617 80.15925939295036 77.62287430754222 81.25390021351188 81.74752697652843 82.17701496779276 82.63970088944292 83.08959822948601 79.5917922935991 79.81844717531843 81.69012651446334 81.58714568095711 81.8501934104398 82.27779789630857 82.33116216898756 82.26067549473933 82.79370583063383 83.27643579788429 83.79550044450417 84.22864655775737 84.60744717694426 84.94266937080913 85.20618709597794 85.48739451851685 85.76558081097221 86.00554785926336 86.33126434632676 86.67656018268362 87.09145898185841 87.55736747554899 88.07623907843633 88.65068850526401 89.26821353487477 89.89651509158523 90.52216483973274 90.8439198257741 91.3473918166066 91.85995804419346 92.45566140711777 92.84100139623915 93.24403475416551 93.43275358495393
78.97809491214032 79.04195817256522 79.16632925268507 76.19743330631884 75.2139540634747 80.6658369596042 81.14415781229333 81.55324496446124 82.03723031489419 82.50752908200798 78.42319654439204 78.63731700575309 80.85194226736007 80.8451467519461 81.09948399476237 81.28326075940076 81.54442644322037 81.99189189004167 82.26699596261686 82.39389665292767 82.84250682033718 83.30139529616027 83.66874306432184 84.01143224737213 84.23857229288468 84.54471494207539 84.8499394364656 85.19463830967574 85.46398968977472 85.81585274722534 86.22112285808758 86.6754670441419 87.18798798563319 87.74747635572741 88.38483237578053 89.0190832731684 89.55384193631389 90.04606906496576 90.54006466348574 91.03996960092445 91.57323335307085 92.03175599586466 92.43815527284653 92.59878953405781
78.24553137104797 78.24193106701641 77.92671072588571 77.56666252918254 77.41140068688888 78.98393349569218 79.89072094976534 80.07018921825734 80.21041240518825 74.06493202945111 77.20872390787687 77.73934310278804 79.85262744934774 79.74365046014196 80.03244937906703 80.52851046721689 80.744670318292 81.20116635646694 81.492803766059 81.78525569411792 81.87978862899634 82.39225845937925 82.76162523270683 83.10308646678364 83.42466698928635 83.73468706139943 84.04174694506548 84.36748842327779 84.68668230944631 84.99216004572297 85.37703725278622 85.81932277548938 86.31469951134129 86.86101475278575 87.71831768495308 88.22222514482596 88.74667517299743 89.24328460457724 89.7509369420649 90.24178756356392 90.7040725447391 91.14634858168662 91.53573254263969 91.76716390007128
77.05059082235019 77.09247487091787 76.92663297175503 80.79960847010713 81.94585761882584 83.59074449035975 84.06177613584615 82.44453228841572 75.23222237929853 75.10537099173231 75.04419374070416 79.1173791167072 78.76394586968362 79.01589108770662 79.2948097868402 79.69098205945897 80.14960557032732 80.32401877569392 80.47664809185 80.84561077461888 81.23878827751167 81.57556526779172 81.90413076098501 82.30757623656547 82.6421891035906 82.95701960265284 83.26693367264856 83.58172583207978 83.90205460299093 84.2012692030982 84.57181720193745 85.0319423528662 85.93856282990423 86.4410893178367 86.94983250307638 87.4514907439438 87.93726500558763 88.4551248170148 88.93026062883007 89.3883052485577 89.8321609640331 90.2561348048501 90.6158348006891 91.00910859422858
76.67575485688394 76.63284498351368 77.48250678620266 80.085964851303 81.56199503764374 82.4516974691809 74.50687819181091 74.55799489550948 74.36131980895254 80.35170753185405 80.75274094326525 76.62548607095012 78.12561311617793 79.80677291230752 79.04671111787525 78.88938995287276 79.2093799433149 79.69206072709943 79.64474504870697 80.05789725643774 80.46274915146427 80.80474940936708 81.13882971153963 81.47031098163843 81.8042685023217 82.14552227157667 82.48739829308283 82.87463084898519 83.27581448978988 83.71027725847834 83.84298335540032 84.2556080585121 85.19906611452804 85.68961013785193 86.18480502031821 86.66997758256886 87.1559511279418 87.64056961788006 88.11098560192104 88.54029453752645 88.96446856962146 89.32710837599572 89.74849810130951 90.13189359929162
75.76941729488935 76.58381276216045 77.82962929506787 80.55116246173726 80.77043630215094 77.65649987654041 77.91728105041857 78.32354626176198 78.9812428525086 79.41185852152478 75.67023798012906 75.84139432258937 78.01062887689248 78.22117635933239 78.56391340301391 78.50097227335675 78.4287270173316 79.16646620136385 78.88253410060412 79.28212679371768 79.67086055182617 80.04616218250835 80.3864326808502 80.7242748470028 81.06464752872402 81.41225188264077 81.75319386728947 82.15115031511797 82.55733251778507 82.996063894259 83.29802707732354 83.52069711458597 84.46560076675462 84.9432087192606 85.41683364195993 85.89252841363165 86.3873104264263 86.83246090227861 87.30428947545515 87.70328290496904 88.10739082104423 88.47212858106454 88.88356449442969 89.25676534217249
74.71693702968254 75.44750540538912 74.90974692810374 74.43198601051846 74.1990954241803 76.71952584059646 76.97433945474907 77.36714376198998 77.753646495017 74.80615166002525 77.91597857654565 78.18443320435705 77.13508407126696 77.34468912433482 77.67034794998023 77.06577757158314 77.62569871829706 78.22901823557409 77.9215315471642 78.53550862404333 78.92804160408022 79.29810727937404 79.64495320736725 79.98953783732735 80.33670059191627 80.69102487116201 81.02860397956535 81.44532303595352 81.85071319147663 82.28520450793485 82.6106127787038 83.27386514119507 83.74799736326293 84.20227807253161 84.66151082714136 85.11379974105972 85.61186640715876 86.05622690267074 86.46918538596601 86.89830501253824 87.25905852441034 87.62649701345345 88.02767880780058 88.39079602089605
74.64484836852755 74.35620104118898 74.00639900927791 73.80830936660793 73.4723007241174 76.03912646389045 76.02337401509388 75.25916645796607 75.42397281279409 76.69657307316105 76.97232692927167 77.23644784412525 76.26143110918807 76.57794203177647 75.94444009338002 76.3254394894166 76.25943111165103 76.6242872274132 77.36701483074691 77.70529373999406 78.19856901529826 78.55878644047864 78.91230135077484 79.26371784108348 79.61775573114235 79.97887865703956 80.31028138046094 80.74886583245883 81.15629691086043 81.59226469443384 82.10476140996654 82.56939975636756 83.0391689725486 83.51169683788136 83.90342737792119 84.35231664184586 84.84819870173114 85.27745963428056 85.68861335766054 86.04167782306908 86.44581448732154 86.79662881466828 87.18793815692207 87.61805886672195
73.90781936577251 73.58833117025955 73.34417597242432 73.1382260196677 72.81073555155672 72.569935410283 74.17350576307138 74.45099653128634 75.4366216129728 75.76188747117415 76.02857995073813 76.28568336162036 75.88944208718493 75.6880319083663 75.18750580708375 75.5868440825882 75.64969134478372 75.89031666412527 76.64266563504478 76.98037279072865 77.47475972044388 77.85703122457615 78.18628860095446 78.54433520053772 78.90504179151814 79.27275203052868 79.67453687528639 80.05768645641346 80.46664585624944 80.90371735714662 81.41075943634213 81.86553245331646 82.33489985279198 82.8090391340766 83.26764423886631 83.7109264322772 84.14298380524106 84.51502725889188 84.90033731814019 85.27817896237065 85.64650131586043 86.00914101259049 86.37187826471917 86.8253169779302
73.25349850491432 72.98487837289561 72.74001439817685 73.08586198509477 72.70492132382952 72.32610230748429 72.22815435853305 73.00463719166065 74.54604346174298 74.81027025550492 75.10072145072911 75.34809715083969 75.122849525264 74.39546340004745 74.52570003642032 74.87573482592441 75.05699749464561 75.46050733009162 75.78968842276453 76.2010887799446 76.6829970022223 77.21777328114757 77.51456432513999 77.82881624449656 78.19569457080223 78.56949044084843 78.98321721935882 79.36769229962759 79.77784729640021 80.24537968828609 80.7071129876781 81.16619503743507 81.64177463862876 82.10934584992174 82.55729807985682 82.99350919008302 83.37885104096414 83.77031273603771 84.15251587297483 84.5271937699939 84.89604633279424 85.26457786913203 85.62563882794572 86.1584351192698
73.34882974515335 73.11631469403058 72.87541454740426 72.57904732030494 72.2683586609433 71.98290094093176 71.91482503208158 72.45881640964055 73.69259987213005 73.94061946324297 74.1688205142909 73.03349365477786 73.28675869466336 73.5483436764748 73.86005537482569 74.18381251791811 74.47464072193262 74.84181012443281 75.26482138943814 75.54544085735279 75.83217825056862 76.37002739758879 76.93084252295445 77.10514613485438 77.47725207188277 77.865854441007 78.28929200804345 78.67479872128447 79.08768588574122 79.53770561794518 80.00202065947816 80.4684106596779 80.95996913049264 81.42112819586885 81.86968843033178 82.30078719237675 82.65783016653573 83.0483341112751 83.42852834512406 83.80010729652133 84.16473362763753 84.53806949445705 84.99259992600064 85.40237261086222
72.81487900547965 72.5948746065294 72.35362223708871 72.10055142176941 71.49070694180969 71.05659930052767 70.75706802323495 71.81263491056116 71.85954852989147 71.77012326196147 72.21487649609293 72.43752626604886 72.7180204349677 73.02943985240985 73.21779438546874 73.51233512401751 73.89591474274664 74.22625230276682 74.61944908926174 74.84398588787747 75.0433864969901 75.4701070831197 75.87213720514102 76.41952150610226 76.76523388461024 77.14932268351686 77.31734585829355 77.77986557370957 78.26374461548515 78.7631741948135 79.27224136664417 79.78617426355925 80.25828945394603 80.73324579028201 81.1705920625149 81.55289056823601 81.95662159355074 82.34734034137733 82.72672813346648 83.09511231186745 83.46316166427138 83.82729917824616 84.22075447381546 84.60392663763609
72.29654472828145 71.92269067754954 71.67335561127386 71.41630367226225 71.16123329178211 70.79600010183955 70.54936385110463 70.90915611035302 71.31890144909532 71.46166970252901 71.49283439620972 71.89443215555035 72.19652520537088 72.2098349035781 72.46593968859426 72.86254165184185 73.31412949680728 73.60734743966461 73.96805679885472 74.14241800465845 74.28300818575693 74.71449821452825 75.11628498193161 75.52118996756262 76.07296308951642 76.30675815020567 76.60348129372358 77.06323536299827 77.54932684712216 78.05044436603333 78.56033827693899 79.07497402600382 79.58530495526875 80.03871684487889 80.48185908788537 80.87249341003252 81.27857075836728 81.67068670307007 82.04639978404607 82.39845367799055 82.76316887091545 83.12214257652009 83.47697679962437 83.88538544850694
71.67301412773404 71.48156532732335 71.27515727261618 71.06348410357666 70.85621656364967 70.56250893595555 70.36918969813773 70.4725710730172 70.89954463530442 71.02271328313329 71.08364089454237 71.113889557164 71.30891761722434 71.31834838754934 71.90758043532006 72.23565007162392 72.722624726339 72.97856329846684 73.3041311185024 73.64133201830006 73.81412260828426 73.96862685612236 74.39058216716562 74.75791594145866 75.14463494533521 75.55034675606572 75.98253019554299 76.36400461905792 76.8338672719776 77.34084878295933 77.85447312223917 78.3690260450974 78.8787700769656 79.35314856683324 79.8039202756959 80.21040296872579 80.5787758577374 80.96826128357505 81.34623275140127 81.7160790409202 82.07727728427201 82.43187541977633 82.78148011610014 83.21670088884224
71.21636853618108 71.06577184443229 70.9026917826535 70.73679554282812 70.55578553696385 70.30519420924848 70.16188969191946 70.01176673903234 70.5624150635775 70.66625116674552 70.64129993331646 70.7837065389044 70.93349958280835 70.94579892048502 71.12593818636608 71.32512693511589 71.84819615418665 72.3660829158463 72.65467145259501 72.9587949469692 72.84674192984919 73.28871709632195 73.65523954677123 74.02524902890588 74.4144979565068 74.82259211775377 75.24298497577279 75.65169478340208 76.14698396905662 76.6507339759311 77.16027556966885 77.67011153154428 78.17474557187388 78.5047403491691 78.91210939912071 79.51357622702119 79.91632492923549 80.30474758130447 80.6793794260816 81.04691877396762 81.40539127696375 81.7564036557847 82.46471651264284 82.60511026400482
