kriging.asc
NCOLS 250
NROWS 250
XLLCORNER 2.0
YLLCORNER 3.0
CELLSIZE 1.0
NODATA_VALUE -9999
[rows 38 to 56 of 250, columns 176 to 219 of 250]
56.01068670351124 55.36581128253607 54.45811280539524 53.33405053328097 51.96935745570008 51.2596512925416 50.622766950758916 50.08126870294136 49.649089645827786 49.490955191058106 49.01188095838185 49.10214176387066 48.75668219663052 48.2953741298481 47.75442461544992 47.36394755075165 46.86168015807668 46.49669222305387 46.14820043333056 45.82230315198125 45.52444234373386 45.39717086719982 45.20477905415953 44.76169370856148 44.40663854478877 44.17773117995332 43.978380179185834 43.730346576217 43.58520007300244 43.472981464339895 43.39420099786703 43.37098573297285 43.69051830881237 43.74119121790486 44.00772590608788 43.90819692229542 44.00002190083394 44.028751319182156 44.01951272662279 44.22133870608719 44.25174203099848 44.35222774423531 44.401709353440474 44.36116467549386
55.88318864064995 55.058307239463126 54.477247987250294 53.16532192582447 52.18575343234062 51.29758683704684 50.724459696397055 50.14461137749251 49.72453111969341 49.533838985771574 49.18022134610007 49.308071687544796 48.871281628947415 48.51175061066411 48.13203961188325 47.736250927004576 47.23346519239982 46.76621277903756 46.4237429308138 46.10398211348183 45.98725814705913 45.754853040610456 45.492037038571624 45.07747556843353 44.7441284510116 44.50129538337974 44.304156028293974 44.137583869332104 43.91043113168652 43.799248360161414 43.75402640412887 44.05886440508355 44.1130610089011 44.28517741924088 44.450474611431176 44.231281157738806 44.348994224053705 44.3653772790477 44.634339901346266 44.60345500275823 44.62864397462406 44.699702657125016 44.788609325523495 44.74091950946752
55.749282085487984 54.925838383657066 54.120968876858086 52.58277039851659 52.29545402733028 51.57563739990191 50.74519179810272 50.205258212768626 49.79381601841763 49.663754885970135 49.31864421379606 49.287467062789716 49.07888140111952 48.735069485035005 48.37247807914701 47.996843066908674 47.6138218386428 47.15357039616006 46.731599571144585 46.533226505069976 46.26543169611024 46.028354173322015 45.77353111923121 45.26699686801804 44.991088335003695 44.72384376491192 44.49614983182881 44.47754995994117 44.34645786726122 44.1791470103074 44.446397136074445 44.42941934351778 44.498007863951266 44.699012296952034 44.86302629998697 45.19965639184085 44.90259040607865 44.908345416182506 44.98369045824734 45.03878568079635 45.02795350063673 45.01994691998213 45.02466021041338 45.02843582325308
55.671930888706434 54.84450981240609 53.789988840470684 53.335512415171934 52.022406523665616 51.47114377878281 50.65547279591151 50.256635616129465 49.83950374613033 49.72899173486675 49.45157149124532 49.46843960797207 49.181721884037586 48.96134115187917 48.618406601293756 48.263006396610834 47.932192711843555 47.56709952221517 47.11838367654366 46.83179938216908 46.550383720042575 46.302056571544846 45.95060405042335 45.612206977928736 45.34355154101101 45.09658297823979 44.867246657630936 44.675634817459034 44.51420908325322 44.777865139385824 45.32998130800989 45.33815357648886 45.3004771908459 45.27348544552214 45.44958908060151 45.46746168350638 45.29401416528205 45.32960026264376 45.32317069453572 45.36796942217321 45.35332604084451 45.33584947148001 45.35551690192125 45.366879373512845
55.522760794879915 54.550889581132445 53.6289006258758 52.913358973190384 51.88798498808262 51.19265587282958 50.61063346640041 50.23741767016949 49.91524738571556 49.65436051780911 49.94601197462437 49.69293416176152 49.420784639607206 49.22496818335684 48.898471135717664 48.5593055774237 48.212330273222555 47.86246896073971 47.5278756789039 47.17713788992685 46.8461454743894 46.58025693060118 46.271272444138376 45.96226823810085 45.70301144757273 45.465916224620244 45.25340655692733 45.07038350437011 44.81678230120471 45.75164701204149 45.63895637615892 45.857018488500856 45.870412188464634 45.63104042638744 45.786601614424434 45.79243955511465 45.68614198850187 45.69792535128636 45.68753181915568 45.69570331231973 45.67656717127387 45.65856900892704 45.61910152891079 45.647931547427106
55.3553074120856 54.38615615752503 53.468026994862704 52.75336762261052 51.84282616613965 50.999594222534526 50.40510548377924 50.3518008488422 49.86925680564441 49.851088878388154 49.653245317690384 49.59068970180719 49.611142601538624 49.339855937345575 49.13805766982156 48.81689911630083 48.48752864146457 48.13858844799791 47.80608158864753 47.483423247704636 47.151183745127156 46.869454760073396 46.59380956540717 46.31515723807459 46.06763935160852 45.842970313928056 45.64381580174392 45.32117284570765 46.28982658405509 46.02229639350447 46.11480026655184 46.12316657927005 46.13850712229684 45.99814819043393 46.12997850339612 46.1217833669693 46.07335628055112 46.067703503623875 46.05325648839505 46.02727172763679 46.00269513356925 45.970456903341116 45.928906907210404 45.971382938444805
55.19456506188861 54.391120921014036 53.468345931493346 52.49081914972407 51.76668852011164 50.861982135652795 50.31111205649183 49.95720084132722 49.660469047129176 49.802293714811526 49.66085717919877 49.54221581862792 49.36065232036675 49.21245514842876 48.99585846083481 49.06468453665095 48.75482659638831 48.389578130599304 48.07289054357204 47.7593971126058 47.49978545323191 47.20502198386672 46.91825470441313 46.66917851512359 46.43593112096501 46.177150012308516 46.1410207148 46.49072647153051 46.50297653073575 46.526726242551945 46.390321540378984 46.403633234410414 46.41655469656686 46.3790056147511 46.403567872947995 46.51919115255819 46.47654463760378 46.44029851739137 46.3807659549454 46.380076762822185 46.32568428894456 46.28972179927524 46.24517263116182 46.296269152522214
54.73127187635147 54.789941087986044 53.315023616850375 52.426074238772564 51.60842452862747 50.757164700023324 50.21388391120704 49.86946702967639 49.57923548286283 49.62881816902477 49.601458682245195 49.54633757339325 49.38739599450926 49.223935466336386 49.064741254696585 48.86538771109671 48.94105114018987 48.628359153093115 48.38282279775876 48.09548067837399 47.813622047087485 47.56178956636808 47.28830954451577 47.022967031352934 46.81892949263257 46.65787814286948 46.52950963429002 46.73023702118846 46.749451873466164 46.47313702162947 46.44619458149559 46.431743178388245 46.42869139715578 46.791689217754936 46.89782003607866 47.00908479479396 46.88009889538448 46.76147672696089 46.73080147897903 46.708191221774825 46.660553866401926 46.72883734032442 46.67691486440917 46.04514590441458
54.70105594633532 53.8660232225422 52.79311230230178 52.396988768832756 51.517238864814935 50.71124843789244 50.14022497441941 49.79322446665918 49.52953984649243 49.54616512628358 49.376511541579546 49.22034607244108 49.12979016759539 49.24543188186573 49.11329168340672 48.93816730606339 48.77973626041384 48.603340661375235 48.64175909994872 48.375122213971544 48.11779117724006 47.86226836351858 47.55078063322556 47.33689897343405 47.16974910917122 47.03277161864088 46.933805326420334 47.016716423059734 46.94591238509024 46.91504489591892 46.89343608922182 46.880029674305234 47.0974003491737 47.24250448709991 46.75233835729196 47.26134555734487 47.24146614967988 47.173589573075766 47.38782762469903 47.26275041716051 47.1274781274096 47.07886090257749 47.019914058204705 46.35855040009774
54.78773732883734 53.926562987389644 52.93838449166214 52.0187747330219 51.17477570151712 50.387505549151726 49.98934231353215 49.74783864536538 49.48093471648978 49.4221920575518 49.314272071083444 49.167019967764446 49.06670524125208 48.89837923930646 48.719265406290894 48.596051675043 48.5562867157245 48.46411389457468 48.372971702637194 48.49786049685904 48.30191722490749 48.06230368667461 47.8775439615833 47.71297155709852 47.53776836655604 47.42252557501557 47.50867200328773 47.487641143317234 47.474266088545306 47.50505949955162 47.53142718798428 47.558356149963004 47.2721101485486 47.221856402154856 47.16000579039527 47.65938112520979 47.63464689295112 47.60108842230899 47.57056685215643 47.562445340274664 47.44012902738929 47.38307408573405 47.40725333267977 47.025501122369946
54.82335415408807 53.855688134661165 52.90136501312486 52.00499367055612 51.29229717110122 50.55656342138592 49.926777962174555 49.57555447701732 49.16938442328245 49.274954231330746 49.12808534943244 48.89280358904076 48.98111074442145 48.84314297265469 48.716954564933296 48.602919046029044 48.61015913448678 48.54435561095624 48.4843953965732 48.42877407068313 48.50365533971575 48.343322227780135 48.21618177358997 48.10354817664953 47.938551292843904 47.87401424402463 47.90657977791918 47.91965063755309 47.943253165877515 47.97346476535431 48.00636318644043 48.03803432623753 47.787820209990926 47.74222440017624 47.68444366602834 48.142330111053155 48.02217018463307 48.00296885670636 47.9587190545124 47.91742329562862 47.9085493180609 47.83519159830881 47.76079972437338 47.403092661356055
54.836875937314744 53.68698457263937 52.76665686310198 52.053374839770285 51.30801836117473 50.595643414621726 49.996497910159846 49.647847437396415 49.23479569249662 48.95068633330265 49.158753527914776 49.05253182569529 48.92648081718587 48.77947258557939 48.703189201384404 48.63734762269645 48.632556966788236 48.62135347689609 48.58745005341999 48.51865872356342 48.75208389708302 48.62126056231364 48.506584233013136 48.45113013850992 48.34482992902301 48.30132262350611 48.3866515574654 48.411409060608065 48.44491441756556 48.48323999680863 48.52246059075447 48.55866121532134 48.42029026634883 48.379145134012695 48.32521233284115 48.529502457792425 48.49102225006949 48.41390433419793 48.37588859331947 48.30769715303067 48.28376374020689 48.2008893305203 48.11874621612067 47.807129438045365
54.900992898929694 53.903349775460995 52.97078872021682 52.0972466186883 51.32846634263096 50.697543806032066 50.11977839734211 49.674732721155735 49.35896131167911 49.080771253166006 49.2307859351815 49.120370167261605 48.961655951697075 48.8177138488155 48.69714926051231 48.60151529986551 48.77437617072118 48.727021253768704 48.71080602900686 48.71047830025539 48.739446686486815 48.8799861850864 48.8441128502995 48.822643792582895 48.81566148354619 48.74530652103335 48.908288141441616 48.94237364430306 48.984571122539634 49.02965103634463 49.07382719695832 49.114738733404785 49.139209201620965 49.151885698172464 48.97735307632148 48.91381731732136 48.874693194148286 48.83010770011451 48.77538782110627 48.716944085456035 48.64465911975427 48.57022771534835 48.481522560855254 48.236568862611215
55.12837601440714 54.12764915053344 53.19148900803018 52.31240764263316 51.54156302292194 50.864167947644624 50.220187688951164 49.86736896738213 49.61062203002029 49.27736354691564 49.35131663323509 49.23233243602672 49.03734831327621 48.89380105649016 48.779270155977 48.69530862463028 48.77019068156582 48.812945586657094 48.97584522970803 49.01986770989586 49.075989038890455 49.149458431813315 49.18520406697767 49.19768820436687 49.26471939531602 49.14836032062401 49.45752924126057 49.503463173887006 49.554196649965974 49.60593817444866 49.674248327875404 49.696541051355865 49.69943816221709 49.51951953941217 49.46662424522285 49.42363275867642 49.36117579014375 49.31948096222898 49.26633399839035 49.1102126261808 49.044755433511995 48.96268367208997 48.8358456473956 48.688989494291164
55.3565617917441 54.3614249382318 53.43033502448278 52.55682522618667 51.79195675980932 51.11837011826148 50.459238266235474 49.92143753741215 49.67639019374987 49.54346941428796 49.36553478435744 49.394968211115916 49.15863048770911 49.01280862570796 48.90161483170171 48.82660333192442 48.87489836423921 48.98515901627935 49.05817209202478 49.373259081255306 49.451841815831116 49.54746568356234 49.713687784875816 49.864703203622 49.88886008496181 49.62360952889397 50.031559657492274 50.07113003142235 50.2073181153013 50.23290548371288 50.314433460259075 50.320191340762534 50.31411461728759 50.07695561637313 50.025942559674775 49.95683545239804 49.88120276550633 49.852044424152574 49.73369633588541 49.62842893686019 49.510593087557794 49.39422921827685 49.25981577929247 49.24561130199181
55.58709653540153 54.60624831905773 53.688922810524986 52.83224196903134 52.081413052463795 51.41967323608685 50.86898473948243 50.25832305872647 50.029519956381776 49.81177358827932 49.72927980946986 49.65105412829425 49.330512923282676 49.179752051620575 49.069199478017424 49.12256149102561 49.155606113220784 49.163375196041386 49.283512820743724 49.0069819729534 49.95051425518099 50.07133816978637 50.38725387985612 50.42328997709991 50.46100764856844 50.23358049020615 50.662721125466895 50.79730410427339 50.83658696115406 51.01408390897861 51.0188726745897 51.01065273876751 50.92168133059433 50.664571635628434 50.59887943384839 50.51514852832319 50.538969154133596 50.37906965411218 50.23577170101737 50.092960854442815 49.96350966473531 49.82333698795328 49.69161852762788 49.54475904136279
55.82156247167214 54.86371615778086 53.96886385868654 53.14040312697689 52.41169054228125 51.775473528099184 51.236933766762206 50.80119499617756 50.38676938131884 50.30932107554205 50.2820293124792 49.8720919899511 49.55793385839765 49.399577822775996 49.39637895838496 49.33888648036921 49.31969163296833 49.36700736282819 49.06667306355372 49.159940693323634 50.47507843654982 50.59504091792438 50.71873354192334 51.02483646800363 51.07427490668904 51.40575453217623 51.425737935047636 51.450032422507796 51.718989081160686 51.728584692895964 51.72467601447307 51.67529279693715 51.60379617660843 51.5240764679923 51.198557457894466 51.098004869654304 51.112271596138456 50.91880086844621 50.75711030733346 50.58931002501707 50.42788528124951 50.265652665491466 50.107919185179526 49.95019622318391
56.027793352886796 55.123192106717596 54.27950372174245 53.48305297696675 52.78453733937017 52.179062185882714 51.66332072884452 51.247747685147964 50.93969235882928 50.73326748624765 50.96796446229701 50.314493208873884 50.1937925479031 49.7706593751938 49.663011213401596 49.59846989445573 49.546671802038304 49.73760310272279 49.243042478460325 50.91485664294272 51.030470193545526 51.17543198009541 51.30831633611476 51.67165109140244 51.96860076923936 52.13219501921439 52.434856989693685 52.45357840171116 52.46779872384043 52.42354752620704 52.46501318813481 52.39713470780731 52.32700952485888 52.22147391809937 52.10183841978086 52.087416791879555 51.704202202942895 51.54830979113865 51.29758902847895 51.10481547631443 50.90589942156591 50.72409209560661 50.537612182583075 50.36483310036238
56.23605759615447 55.426509204594346 54.600974102599594 53.84940412215237 53.17774112587651 52.6057859468403 52.21171063717404 51.75466736231713 51.38191996871732 50.92815741231706 50.471593452433325 53.30643124178727 50.62077884715754 50.54749223454324 49.980551039698895 49.895046945479734 49.89865749839889 50.112925216630416 49.47693869566332 51.5489289159364 51.70643450233118 52.01585232933043 51.95505563440982 52.58911977383845 52.700651818933466 53.210811730077324 53.23782957774442 53.24601616256408 53.25648819967731 53.19640524452934 53.114898167236504 53.14353099743947 53.062451219483464 52.93955689153134 52.95699871743276 52.75737438746447 52.546810764902915 52.13516029856481 51.85706401527045 51.63934828575658 51.41519578751582 51.18490558426372 50.987363093930746 50.78850004286607
