kriging.asc
NCOLS 250
NROWS 250
XLLCORNER 2.0
YLLCORNER 3.0
CELLSIZE 1.0
NODATA_VALUE -9999
[rows 190 to 208 of 250, columns 88 to 131 of 250]
122.03343137686723 122.52395257678245 123.01398206599566 123.56382146488409 123.98501695127035 124.45809375839262 124.87584563643244 125.27909382638614 125.66469495240322 126.03838380777265 126.39678923467505 126.74934689411756 127.06835450721209 127.37367374913933 127.66511237183683 127.93784354421744 128.260944481632 128.49225710727225 128.69499900873933 128.86909878970224 129.01451504781338 129.20723832507147 129.3746613011202 129.56742654819638 129.9000196245234 130.08428250644798 130.2164000377104 130.3623303755623 130.51015982457102 130.624769608665 130.79894698135453 131.84425160391848 131.85612480380797 131.86357944086976 131.7586964506825 132.0890925106004 132.09600560750837 132.00093217310112 131.99866693618657 132.06866768988158 132.20385181074658 132.408492946017 132.63632505832575 133.00769749756958
121.58079714165589 121.97275101863043 122.54953609275212 122.98031589809202 123.39911904857519 123.88473231663912 124.29880841538855 124.69484501118362 125.08006650466643 125.4503601576661 125.80547548834076 126.14517703337947 126.48224330236599 126.75140608478799 127.07499222317834 127.36991895994447 127.63600340540059 127.87309278799474 128.08151673784968 128.2642131550691 128.4451090347594 128.61690055611214 128.78622669976423 128.99505872699697 129.23658257150626 129.4367578217097 129.642464955437 129.7465504085948 129.9210494328831 130.09227088831113 131.15164687739747 131.18661434038776 131.20988485231751 131.22648542214205 131.17546825851338 131.42271223226786 131.43311476411165 131.35188488987677 131.3528396125639 131.39136640377544 131.5492349810062 131.73723881427026 131.91661027343235 132.03753854717922
121.16705614305066 121.62870765973938 122.07976683298405 122.55021408293793 122.98463226543262 123.3284488829165 123.72249940551342 124.1084393801971 124.49008803032235 124.8569149668379 125.20867176679937 125.54512496713329 125.85053137503645 126.09775928013997 126.4301059557611 126.7339435806927 127.00908391640527 127.25536874488263 127.47267001997291 127.66088997590865 127.84111504612255 128.02125981351438 128.19707663596074 128.41414169910936 128.5037271160562 128.90217738744835 129.0131247673636 129.17899650487954 129.33918934808221 129.51095662692813 130.29422254115036 130.35961869708763 130.5653475686111 130.59184555961727 130.60777436547758 130.8538073260266 130.77975961590548 130.70345048126688 130.70779034234178 130.69938489202815 130.86657151803018 131.11815136656364 131.29463101358894 131.44606679334683
120.49710894652615 121.03873834979892 121.44031671827453 121.92844865785344 122.33667018764959 122.73482183305532 123.12627639519653 123.50745303694441 123.87765114019012 124.17988709738326 124.53963809606833 124.88568029819804 125.21746963701798 125.4674870675567 125.80449354326295 126.11333102353407 126.39382995600083 126.63718325079795 126.86382708998161 127.0615223865138 127.2426107164685 127.43562932140784 127.5341540770471 127.77824402818818 127.94639063263858 128.1116377560497 128.44829385299482 128.5876880798212 128.76261096688722 128.93240840218738 129.6036434936758 129.70103200338366 129.7644027774769 129.9598428534752 129.935206519584 130.17278095590518 130.10112548859735 130.0438607480363 130.04925326309097 129.97746714056538 130.19436957918063 130.4401051935755 130.6576874216346 130.84613979119027
120.06296497295315 120.47584887575233 120.90788786167975 121.34295796960495 121.69994573918558 122.10030071702865 122.26786529553763 122.83551283381796 123.20924122829942 123.51679385667647 123.88017382906618 124.2449498169822 124.57721517471424 124.8115022990281 125.15730652089378 125.47523405763597 125.76510992531426 126.02678878065915 126.26015503838289 126.44581420235693 126.64580266723172 126.81307138132908 126.96375999458604 127.19167330579582 127.36323056130456 127.55701089553807 127.72510658828317 127.99657163914424 128.1723319758849 128.3422548918836 128.2593521573973 129.0222424755937 129.23118680832306 129.15410411343134 129.1226796825996 129.86031949562812 129.36569753143857 129.3121550016466 129.04538791136423 129.24042614587762 129.48632660662105 129.74891338047092 130.00606856738597 130.23164035049524
119.47682647158132 119.8782066856344 120.30406077654729 120.74330241070942 121.31542494094133 121.15565030694239 121.64807849592003 122.0404761158776 122.4965641304061 122.86949690945909 123.23628490527577 123.5855091939886 123.92183395439045 124.2528084863206 124.50924069499706 124.83618114845795 125.13536151801894 125.40663079951665 125.61910225499389 125.84193589771294 126.05173286642886 126.23262756983064 126.39428147519797 126.53615647119409 126.78399049210485 127.00054385561685 127.17239893597285 127.40650161753362 127.58273605902696 127.75242256511493 127.71493704283503 127.83144244575658 128.58290204913214 128.46712534405697 128.11587398561028 129.1457107320565 128.36167765087976 128.4149922915367 128.03170447317947 128.34073236033802 128.60346206374257 129.02796797105526 129.33103031123557 129.3689239095466
118.92133382880715 119.39198691344761 119.69796970054716 121.10226291383455 120.32583456643371 120.6570354709017 120.93943880622203 121.4149056583187 121.85407197190327 122.22410420044976 122.58450779282535 122.93826840670867 123.27560230357484 123.60044903038154 123.86113502043771 124.1970055617458 124.50541204698861 124.78619785221355 125.00597737858355 125.24003585954758 125.46142014385867 125.65357444296694 125.82614817310917 125.9789607216681 126.208936179561 126.37968309017984 126.61781319835245 126.92466023618941 127.07027373296137 127.24116743093171 127.60919197820238 127.79160806526681 127.89925580084736 127.69506639915932 127.65096023826055 128.42425579482847 127.63312137378546 127.70647253278099 127.35290112571485 127.57860289761221 127.820579130328 127.91219552770893 128.2006909688993 128.53650879302796
118.29135003426623 118.78410295790033 119.24489464036687 120.40374324342386 119.70387207431303 120.0037963154187 120.43356405725794 121.04551549848144 121.20778479212956 121.57545098453363 121.93480306128576 122.28487750668097 122.62471897714761 122.9554280869387 123.26851624095556 123.5585385169278 123.87608683533519 124.13618551158109 124.39510849263966 124.650109351171 124.87257328957902 125.07569913082114 125.25933103637135 125.42333396082228 125.72294729783972 125.90864403854673 126.08635161623606 126.369568013862 126.54562914898408 126.65523432464849 126.9958149068542 127.16708838786536 127.1038754576428 126.9961006457956 127.56675909299548 127.31034665309045 127.00379268264578 127.07601463822812 126.63856358087327 126.92355016324606 126.79335592412265 127.16186195222159 127.42735065677708 127.76108714505152
117.64459659148591 118.12519637611837 118.58929004658968 119.04679952361674 119.20973412687887 119.3931441183078 119.83265671673574 120.39150366901987 120.62699755758342 120.98546165261017 121.33578497150533 121.67742366876743 122.00981155317763 122.33554859408801 122.4997319737774 122.90488851086994 123.2222330135795 123.4940619239493 123.83060399874732 124.09615547778816 124.34248925241977 124.49968167044409 124.69430776297287 124.99643815367307 125.18000526811812 125.35491367830838 125.53469478351396 125.715512154137 125.98699614170106 126.06833200202385 126.37543062258825 126.54584672846596 125.78013343913494 126.30616110364042 126.78756000558354 126.5675715154851 126.48115278262551 126.41461242685574 126.21270434989128 126.41453760973343 126.62499299962361 126.83433069538987 126.81251007083951 127.06021200108314
116.98346913141481 117.46083291837162 117.9219982698613 118.15236182856154 118.57045208066073 119.23664619468059 119.27570379880436 119.82836947124645 120.16920427605798 120.33408704581132 120.72795312576034 121.05679080683463 121.38007395208759 121.69825323161622 121.92174620348916 122.28262230429608 122.65300247809158 122.9938208564032 123.29064370176272 123.50522392406154 123.76329585232052 124.02663202201629 124.25459356499321 124.46404752447638 124.63853283419148 124.80224475576765 124.98222121031952 125.15399554213755 125.28830374404117 125.43190192427923 125.69335404474309 125.94695031607046 125.71376899157417 125.6666035274078 126.01689478004693 125.83306118883678 125.77870343462183 125.77475838949906 125.67300688501534 125.91240209268946 126.104807602096 126.30649747682465 126.49006069439245 126.48126724157707
116.36115619096726 116.78641565926308 117.07734388065901 117.50335711492563 118.13884097533452 118.56501184630032 118.83314411509983 119.01711933782035 119.50063128132373 119.75374103093633 120.07570535729981 120.40682974234639 120.73354631534151 121.07264382704489 121.26856810406497 121.65333305341551 122.04136341991607 122.37795147975473 122.68316052664721 122.97619950642662 123.25318124936481 123.4596079439669 123.69350109290356 123.91254182903539 124.11261042990412 124.27529322558499 124.42841625936144 124.60017974285122 124.60742169394133 124.96020884534312 125.10062899801784 125.4945403771805 125.09662205227858 125.16516310718362 125.25692110965647 125.1085060761257 125.08544410554339 125.15600314273493 125.21620103813514 125.45143385023181 125.69394831240696 125.8378866896963 125.99951743387325 126.15956771281253
115.67380897144314 116.06593481073963 116.42617974158429 116.84063144960045 117.24068688178673 117.73823412883937 118.13779839587338 117.95532455656928 118.15858552111038 119.09205267878377 119.45470403373835 119.34715321443872 119.77610899116111 120.20582047295747 120.63453762801348 121.03310746934574 121.42880074153557 121.75803694407949 122.08188368913324 122.38072997400019 122.63473880016006 122.86076105399034 123.06412841004484 123.22820237084913 123.37184407694124 123.75254997200717 123.92178661615262 124.04407185852313 124.18113337258161 124.21010648319809 124.34613317288995 124.70522877687792 124.68282492493223 124.55882213452333 124.52729004047012 124.39524940033397 124.40225330445173 124.48122271740175 124.82750045846448 125.04458784988684 125.35493072977098 125.4529993286639 125.55692194455679 125.6864890136226
114.88518576267613 115.37789983273227 115.7603057054021 116.16844151842535 116.56347721605728 117.01675208600953 117.39308746197821 117.76831270552898 117.64061901873747 118.01322905781834 118.28048487177928 118.70594757289533 119.15203304727659 119.58198310355988 120.00675673652762 120.41454081803408 120.80543172394562 121.15038099541894 121.47844079026812 121.77986713174163 122.04032016526743 122.2740182740757 122.48382021567134 122.65693661696496 122.81381564785886 122.95577807073525 123.37923914741951 123.50373410361831 123.62077499425138 123.68955992565222 124.01776513824737 124.08009055481757 124.06809640687477 124.019534227425 123.9772100992073 123.69428609848711 123.72966287994188 123.79465552943526 124.01573598508499 124.6775946431339 125.06787649445508 125.11423536673153 125.16755425917643 125.24607287679333
114.19126457989516 114.67508599036648 115.10568332777504 115.51803802171825 115.91659067047347 116.35356606922616 116.7432059173138 117.1189182985319 117.30594244336518 117.24375641740178 117.63476654742563 118.08598937590733 118.51845586348416 118.9585767492797 119.38450116317044 119.79903067807061 120.19484452432297 120.47499075681097 120.88215676637921 121.1757791696059 121.44101199867161 121.68072715456921 121.89779361335437 122.09507155393192 122.24135443918624 122.39655152283252 122.54234089382086 122.86622735509502 123.02542118776586 123.21273593433936 123.44890822545642 123.53376489568035 123.09967217343507 123.26614105204357 123.43969470147039 122.82175313010649 122.8833784033588 123.08206828593757 123.30881861694145 124.33084482551968 124.47701877933667 124.58758689538476 124.71540155030839 124.81683154895454
113.51019082548133 113.98568430543544 114.44694856064234 114.8624240023125 115.26359606637456 115.69623515041167 116.0863602816385 116.70347683783784 116.59283980208815 116.83928580589681 117.08577833397209 117.4672444020087 117.89966709070708 118.30219250576474 118.75879480522961 119.18586435382515 119.58410855021853 119.90431027446125 120.2723526747661 120.56785790795765 120.8362038850575 121.08027455770768 121.30294949145338 121.50709802695961 121.65403719975598 121.82066337754304 121.97969202035408 122.26496558837715 122.40969237631472 122.62312218276212 122.60790083396213 122.9282698234068 122.9610107184285 122.98498280350792 123.11858244562194 122.83088272764829 123.48411434954231 123.6037028769106 123.71408736785422 123.82840212649825 123.8161481926742 124.23010656864605 124.24980298002384 124.2909332376094
112.83698029727925 113.30653242771395 113.77854519093447 114.20289006465141 114.62320869342841 115.03513237353435 115.54786663783543 115.91969117692364 115.8980619390559 116.18285880014133 116.55416419876974 116.83999832502113 117.2837896771182 117.69870801526658 118.1528613008421 118.58800872580761 118.97253151875643 119.29951719932365 119.65961151333224 119.95532863242164 120.2251209697595 120.47188490331264 120.69851102904386 120.90787823715422 121.10284786692344 121.22762933161516 121.56492779685749 121.73358250463635 121.86327721168281 122.03466204127591 122.20410892953953 122.3494832147222 122.36711349781729 122.5765207581126 122.72748749166067 122.31441455147598 123.0333542489596 123.11484839638257 122.0921633799128 122.32531552558875 122.91311300979062 123.69592108692373 123.87461233864258 123.8036183904056
112.1684415183093 112.63444581183344 113.1025742550253 113.55327610172499 113.96302558984175 114.37226570797897 114.80435417605888 115.17654098336074 115.22278443221714 115.58272853163483 115.91576924686134 116.23273791052927 116.64292942271601 117.09713827294121 117.53761431068294 117.9793659766593 118.38285180940598 118.71064949553983 119.03145231268056 119.32488702018152 119.60682579876868 119.85462210678907 120.08354298589549 120.312534820382 120.51320177145377 120.70325635573468 121.00545427981933 121.10961821728412 121.31928708581155 121.46790559504964 121.71366469476953 121.86647331781873 121.98996466327196 122.03689960396198 122.15506558786157 121.87847146377328 121.78402733474962 119.92566405323628 120.15655409938091 121.34725911359115 121.63595099480467 122.58156572679968 122.72431512534042 123.27950926341045
111.50137047271777 111.96622444398206 112.43288158488616 112.88379812741769 113.3014352339276 113.71037922752868 114.10191029834549 114.47530171220514 114.56718087129167 114.90307712543202 115.26583166103015 115.59535152248944 116.04994907533468 116.49924860000391 116.93489768552278 117.348498065337 117.72577376936728 118.11054491867347 118.43776293227702 118.73334825066385 119.00544982299456 119.25682255364066 119.49024727934149 119.69429554442874 119.8815130618454 120.07460929198999 120.35200230048835 120.52391352953052 120.80272762740334 120.88205193504001 121.13216805115678 121.32024344966803 121.42782455180134 121.52947657199834 121.52293040978716 120.90930848079788 118.15692823764385 120.07650269502346 120.25360407433293 120.7898613260719 121.08032243664984 123.19683759870445 123.02316960420089 122.96641504151305
110.85250069881864 111.29865961574183 111.7662604634646 112.21742746601352 112.64764253040458 113.04558864018996 113.43836744668016 113.56542368818815 113.89797774351962 114.27603709294752 114.65771217701929 115.0106037155077 115.46260580841404 115.9068890652416 116.33515331131909 116.73905540135364 117.18993252429912 117.51093577047037 117.70101617127906 117.87301039331157 118.01213772347744 118.12863629096175 118.23277679466298 118.33484195024025 119.24577068105216 119.44182866745913 119.74746470611865 119.96940017562008 120.19024094238083 120.13977716056878 120.52798569970432 120.70767637911786 120.8027658001136 120.88842824091557 120.96834934965683 120.93680497765683 123.54906011824777 123.53476464500537 119.95685177827713 120.19129183102476 120.45395408955348 120.73135191136092 122.50463060903633 122.40243185499753
