kriging.asc
NCOLS 250
NROWS 250
XLLCORNER 2.0
YLLCORNER 3.0
CELLSIZE 1.0
NODATA_VALUE -9999
[rows 228 to 246 of 250, columns 88 to 131 of 250]
96.85946510463334 97.29422526239253 97.73689308004657 98.12168716973329 98.56960746472355 99.02169791149 99.46908443001085 99.867472749386 100.28624074660584 100.70014681496208 101.10796660336914 101.51601361884812 101.90183201703833 102.31551746696177 102.64869838547085 102.92777010794477 103.21881228275637 103.53155011343634 103.87564271146327 104.18221500046978 103.60792128745567 103.7055980622921 103.78327449313053 104.5485442269366 105.30729369487189 105.49950717438877 105.66561500927112 105.81540337510759 105.94891309605455 105.99889014637408 106.15020945415522 106.17189372595323 106.18748726060483 106.19465112852286 106.4629556877305 106.26038602703888 106.24842514252532 106.26637608356863 106.3157560550313 106.38243537222951 106.47690412743366 106.53815257326472 106.73037853902164 106.89572896308395
96.20832950050531 96.54598540573673 97.00607695242684 97.3734969014514 97.83829667821723 98.28639534493871 98.73505281974437 99.1716422514912 99.56653232403619 99.97506178651483 100.37602876279684 100.76822515643511 101.14966064565965 101.52057347676252 101.90522716061317 102.13190034317523 102.42139816837664 102.72972350557868 103.06653543856 103.31564564492396 103.63731515936837 102.83571032340649 104.0420422029 104.23268520113012 104.40195179907434 104.57772224096543 104.73886363636284 104.88539567757454 104.51820434879558 105.11896728689166 105.00531850023054 105.20700028644282 105.21723436120863 105.21974884760374 105.51913575260096 105.29509611082884 105.28721507108388 105.30888645459238 105.3487821647409 105.43432922940775 105.52416234347466 105.63301239168601 105.77567166757936 105.9420828086486
95.62267691909278 95.88748480398726 96.2961443886664 96.62543310335303 97.09328359407621 97.54306401305641 97.98407010133067 98.41695076450021 98.8391165272542 99.22864285297587 99.62214421243573 100.0056102840536 100.37893452155336 100.73832328261098 101.08154208403697 101.38911846703135 101.68757618630798 101.97007894361467 102.24110161335294 102.53176992790031 102.79359724988115 102.95791271888413 103.158894914493 103.34205211493389 103.41427845941297 103.6497152867765 103.80619300276774 103.9497725239296 103.58928195822389 104.2034458136472 103.97047469168398 104.24393076119911 104.24752874052379 104.7128818370085 104.55882052571349 104.32234263199342 104.31789297751732 104.34263141471737 104.38101812677294 104.47050706821896 104.55240466385908 104.6652990771353 104.80834228873388 104.97560307238275
94.70201738238133 95.14317347891597 95.5096256475517 95.86784276104206 96.33018393587835 96.78054401955515 97.20769401737562 97.62408221493092 98.05437246469657 98.45444673805724 98.83998841375939 99.21715127687824 99.58074261137452 99.92902486357843 100.25976712905553 100.56205057829092 100.84898273441522 101.11832050619518 101.39511936439072 101.65295994385868 101.9016754637748 102.07046384613275 102.26546008453772 102.44333523749842 102.50103356808498 102.71591699737388 102.86803656001078 102.56056396010938 104.00952670246411 102.96739054595754 103.06418905191623 103.26317824348197 103.9295500629078 103.72870094104988 103.58281767490294 103.3464602505952 103.34479676901414 103.37195158140187 103.42678232516602 103.49811245772685 103.5800075157895 103.67234209212289 103.81015088750843 103.974056292357
93.88018179183814 94.32224068191375 94.69648715481183 95.09576053110119 95.54700727818597 95.99467982009091 96.4068994809869 96.78536834175407 97.24473213741753 97.64002126837127 98.02223911546196 98.42001722434343 98.79062333880286 99.1412330827845 99.46684720750258 99.76253840087212 100.00756253276124 100.26375619822763 100.50688041697765 100.75337815741699 100.99010033781681 101.21822312870026 101.35905174201187 101.53385522630438 101.69337243100136 101.77676277588687 101.55604981874025 102.80462640527139 102.05511773698717 102.07552387349075 102.16667448596013 102.24802523965971 102.51610987814837 102.72973958033396 102.59195881770965 102.37178025579458 102.37226173581051 102.40118573027723 102.45740807718184 102.52727128050175 102.60578337951105 102.69578659828328 102.83215568258012 102.99517153094995
93.04312761476204 93.48324742134716 93.86658007625252 94.2797227046027 94.75068001461914 95.19335286740733 95.59502151174519 96.01674277329573 96.40938469177348 96.80126975473813 97.1771238713105 97.5411203914353 97.9561475677804 98.30793250876735 98.63364336714204 98.92833863626173 99.16730330696964 99.4191956839504 99.65702191218773 99.87900447794038 100.08750000663545 100.2732793355971 100.48184945530386 100.61095205947265 101.00373288342016 100.58003926628868 100.69167761030847 101.71699569284434 101.17114709990622 101.19293444318899 101.27846683331583 101.52803477539653 101.59059326689983 101.60000014175667 101.61595273306308 101.40262251599286 101.40461250193466 101.43466272829129 101.49162783290117 101.50822260477501 101.63473898489485 101.72383577213753 101.85797501344055 102.01923953081636
92.19510511426674 92.6308532007533 93.02459233252858 93.45267828409196 93.88462189506444 94.37942692543393 94.76970624674294 95.17836065442617 95.5723555516913 95.95163287229002 96.31195947521377 96.67018269497085 97.0099551704216 97.3319484855864 97.78424016143312 98.08160032956278 98.31679751175017 98.56637665496464 98.79897142423602 99.01465202524507 99.21507325210209 99.40190362737997 99.50301091824991 99.75792983108762 99.9643289074952 99.74168877636339 99.84515304807316 100.20510042581202 100.23094614448598 100.42865763173343 100.52506930615979 100.67040053268462 100.75442841039218 100.94890187594011 101.08920444637913 100.63525236604778 100.53314290147736 100.52992827655801 100.59318051503656 100.54767827033669 100.65560528604378 100.7618693439511 100.89298830841565 101.0516387726068
91.34044041848288 91.75683137936883 92.18807616992633 92.61812006270236 93.03774745465027 93.45603448361695 93.9234481524131 94.32630431150017 94.71359861728739 95.10181770018107 95.4567391429951 95.79570528155047 96.11284320704014 96.42766466369122 96.7236355777295 97.2227298007704 97.4541210779442 97.70456762057077 97.93457349454744 98.14589219787895 98.09932284531536 98.35615602193752 98.54879376361032 98.73521048308766 98.94763896088693 99.11211783722635 99.26078558079374 99.37853534633362 99.4673621093412 99.4954053491376 99.61400721964277 99.71654281170032 99.8361680551518 100.03334422152813 100.17642045475117 99.58547039866154 99.63671507119864 99.6432075562901 99.6722182186655 99.6061974620975 99.74255806798564 99.90757212470014 99.9426396908756 100.09781264606711
90.48799497721052 90.90934008169422 91.47093257946077 91.77151156609747 92.18726403050292 92.59701679149953 93.00309102706908 93.4020392152619 93.88585886391208 94.24504282807135 94.5860195221504 94.91864029527905 95.23313936130984 95.45663307551226 95.71778226242988 95.96227267143956 96.20900456471134 96.44499305620488 96.73801719504797 96.95988877843473 97.17050458354117 97.3701204023875 97.55430215994153 97.73184256677905 98.14540917167324 98.14782720502308 98.3023068115388 98.34164854303239 98.50569524345285 98.60745991149943 98.69855838290323 98.8084367346296 98.91541140621919 99.11553196461702 99.26163211405897 99.35354881838433 98.6284181875953 98.64220266329187 98.67805743526614 98.78859175528859 98.8719864993112 99.05140962790928 99.08689919029773 99.1251286691334
89.61424292432118 90.06441000011365 90.5358261280094 90.92811828170372 91.33468406747359 91.72900076254231 92.12917017473418 92.587256422778 92.95896302954434 93.3783962651515 93.71329085832473 94.02977217729726 94.33436927980148 94.6297837494198 94.91272676505915 95.18715053341654 95.2446864053158 95.54670480340715 95.77244338611484 95.9865832581612 96.18937640194048 96.38108381660612 96.55773937957593 96.96890010621436 97.2053644814512 97.19981876198753 97.2067806025816 97.42815948615535 97.53915437187337 97.64125227112895 97.73376812354597 97.83793167972527 97.8623148558249 98.19628040484815 98.3456533934714 98.44092885026532 97.69699188618429 97.71938336021147 97.76312094940683 97.82556385143256 97.91501184032994 98.02815325093003 98.2547814132793 98.36307093747621
88.82862454117821 89.43571487743841 89.71099021830317 90.08729983728452 90.48358384336376 90.9584590624494 91.34427057547651 91.71828697849746 92.07943801867349 92.4266901841682 92.7590484932816 93.13402654836916 93.42670307768742 93.71244565091419 93.98998697308132 94.27150908081497 94.51421028966855 94.9249223581057 95.17173230456949 95.40315529925401 95.64611846411526 95.85877001565359 95.9777626493891 96.14399516200803 96.1304528120732 96.26988432004703 95.66870404179653 95.88176355687702 96.56984903873658 96.6735398000857 96.76874010498759 96.86969603510771 96.90278134597006 96.93545015569515 96.96695603772537 97.52818098051337 96.77798014779603 96.81065227072276 96.86393945244785 96.93472516667728 97.03289179764928 97.14679847812336 97.39677023143932 97.62717179736704
88.16153734684032 88.50340436884213 88.89120667063548 89.28916160920801 89.69608478426477 90.11032783326831 90.48524220625039 90.84809967662527 91.19783849423685 91.5334340208384 91.85390051445732 92.22936059192332 92.5275187213575 92.80049559108318 93.06336268629663 93.33476468043699 93.56536533477903 93.8211943094592 94.26842441707484 94.50005041933892 94.72492367027445 94.86735120028082 95.04988534174149 95.0701260695422 95.19054119958412 95.33312535691027 95.12363861498368 94.78382391084929 94.98301729425114 95.6130434665648 95.80002774889208 95.90578771416715 95.9488765738025 95.99176461599441 96.03369812616218 96.0739254934509 96.66484525680438 95.91811964899988 95.98261749597407 96.04936613262824 96.17370435577777 96.3076317345648 96.45854409076941 96.80449443462413
87.3051051203924 87.6886945554835 88.09256585474927 88.4863244029009 89.06817964325796 89.2651068904218 89.62831362764973 89.97918498262904 90.31666839041797 90.63974877592773 90.94745035264907 91.39102392109709 91.60818476630845 91.85363709374562 92.12320170063522 92.36479044795401 92.61732351380986 92.86914117968075 93.3268547975043 93.55839277643724 93.78320553203139 93.92521198828157 94.11040732881781 94.12477657500244 94.24440560822 93.8442050355111 94.13004219816881 94.29388592215035 93.92704510757446 94.93831346351755 94.97976039343509 94.87616761774406 94.93689427883818 94.99764942503111 95.05836641804319 95.11898109292514 95.17943184984483 95.32067656587449 94.94176548737157 95.21870802268424 95.34940770214516 95.4873716005687 95.6447948889316 95.82208962933872
86.50697632480521 86.89734022570121 87.25609920430193 87.85805910469482 88.24301889604023 88.42523891544874 88.77594236753114 89.1140150688859 89.57508993788989 89.8921921401236 90.19418434036362 90.48032248807493 90.68205473401801 90.91405406729373 91.17562953157315 91.41538710460104 91.66266637391662 91.90508488125113 92.3746479113448 92.61180560143498 92.77221236843802 92.97184152408985 93.00982952334249 93.13528759763642 92.71897240414148 92.90516908265386 93.15063105324236 93.3176272131602 92.91180796983515 93.96889499344417 94.02787321266152 94.08890310124016 94.0013165639476 94.07879654991939 94.15643923946092 94.234170297442 94.31191783334161 94.4634586741064 94.15874606230923 94.41277993439846 94.54183985659904 94.68853338952458 94.85301497443315 95.03569436951643
85.80064140559145 86.19465291883024 86.54109755098521 87.0513925005445 87.40805745307225 87.75017403687575 88.05117082346159 88.38256159372074 88.70016203495094 89.00319004710394 89.29088703225277 89.56251919955194 89.71077616122408 89.96820884682825 90.22146323261323 90.45974060746292 90.70198583032744 90.94004200635227 91.1868647969986 91.59317780857238 91.80605753694057 91.87341535963814 91.41265489930868 91.5994948133474 91.78668227652838 91.97414683204704 92.18619396266266 92.35662942417441 92.93268810177688 93.0068418087322 93.0833577646944 93.16215910457774 93.24316767742772 93.32630415527015 93.4114881430462 93.36608186521232 93.46112801392363 93.5562887973851 93.69457705981166 93.61636219361239 93.75614034739037 93.91211268348677 94.08419503257345 94.19998206843337
85.04021025942163 85.42125632504914 85.84797614871218 86.23042655700469 86.57431658563762 86.90380749616878 87.21868910142207 87.5187544535149 87.82151785308949 88.10947632358186 88.3818818928766 88.69228235698603 88.76898460395364 89.01691756163538 89.25745116811574 89.49844603570217 89.72585489648067 89.97685065862802 90.21853356545398 90.6153711017926 90.8295034594096 90.49885115324696 90.48707335408665 90.67477848772137 90.86301101521201 91.05169990068111 91.24077508456321 91.3738348852808 91.50264349328543 92.05273166044786 92.14678130169253 92.24334853603135 92.34234459873106 92.44367939246827 92.54726160799635 92.65299884588399 92.76079773904982 92.87056407594136 92.98220292412896 93.12100440679836 92.90554746774609 93.07341964430823 93.25517979742136 93.4518170360757
84.24712610820612 84.62535011474233 85.04031906477596 85.40663582502553 85.73769685944339 86.05451062297774 86.35687452095826 86.64460073628145 86.91751642358125 87.17000982690394 87.4675561042518 87.58985998034132 87.82288736339544 88.05769352740705 88.29636646280119 88.5158603003131 88.76222431823543 89.00730314105323 89.12966971739681 88.85470551561076 89.03771668918763 89.38299761721578 89.57074833608726 89.75927728826059 89.94851203346161 90.13789418547651 90.34301519818325 90.42709755908247 90.56973308672012 91.10713432366225 91.21870309547663 91.33302002547167 91.44998575097476 91.56949942212081 91.69145883321417 91.81576055536361 91.94230007003576 92.07097190342414 92.30091933192367 92.36566561410913 92.51454952757439 91.71301666112858 92.52924637439328 92.73222644770445
83.5345102690507 83.87928968152447 84.22463184140256 84.58042435776278 84.89869362921941 85.2027863388837 85.49259115833719 85.76792779972989 86.02863084708997 86.27454992217332 86.50091950595181 86.65423825125445 86.64405841315792 87.02728538869651 87.2611734239846 87.4933696519278 87.72372857611893 87.9521070224689 88.1853739201652 88.44070635447058 88.2885432049423 88.47586945889037 88.66422482172322 88.85353570597516 89.04591787564323 89.24730430931703 89.4498656869319 89.50907978603492 89.66550441984627 90.170611030358 90.29967388101147 90.43171367375102 90.56662047019321 90.70428269116105 90.84458725878679 90.98741973993106 91.13266449081847 91.28020480246607 91.52443273167003 91.61792823214523 91.7869936034894 91.96113720857161 91.30066626925914 92.04182803610325
82.94083954199539 83.26430182409422 83.45321248231545 83.75263909367702 84.0578984982385 84.34922172089559 84.6264206776658 84.8893218827791 85.13776662927566 85.3716111486662 85.50739417341562 85.66915505758259 85.8863174040771 86.10826913158718 86.33582289813842 86.56186982542742 86.78626809882078 87.00887811141094 87.24657243739712 87.34657384384386 87.3914040499563 87.57550569389815 87.76947768501748 87.9650935815929 88.16225642956738 88.36086842983474 88.5608310157188 88.762044931084 88.79048727146233 89.24371391436613 89.3902353117648 89.5399605187207 89.69276904966851 89.84853862581423 90.00714532786792 90.1684637502871 90.33236715687778 90.49872763732408 90.75005688521148 90.92963391673726 91.06742378269865 91.26180602835598 90.76073217599571 90.99959429730207
