nn.asc
NCOLS 250
NROWS 250
XLLCORNER 2.0
YLLCORNER 3.0
CELLSIZE 1.0
NODATA_VALUE -9999
[rows 54 to 80 of 250, columns 186 to 247 of 250]
50.0 50.0 50.0 50.0 50.0 50.0 50.0 48.653847 48.653847 48.653847 48.653847 48.653847 48.653847 48.653847 48.653847 48.653847 48.653847 48.815742 48.815742 48.815742 48.815742 48.815742 48.815742 48.815742 48.815742 48.815742 48.80699 48.80699 48.80699 48.80699 48.80699 48.80699 48.80699 48.80699 48.80699 48.80699 47.598526 47.598526 47.598526 47.598526 47.598526 47.598526 47.598526 47.598526 47.598526 47.598526 45.340916 45.340916 45.340916 44.376534 44.376534 44.376534 44.376534 44.376534 44.376534 44.376534 40.84151 40.84151 40.84151 40.627087 40.627087 40.627087
50.0 50.0 50.0 50.0 50.0 50.0 50.0 48.653847 48.653847 48.653847 48.653847 48.653847 48.653847 48.653847 48.653847 48.653847 48.653847 48.815742 48.815742 48.815742 48.815742 48.815742 48.815742 48.815742 48.815742 48.815742 48.80699 48.80699 48.80699 48.80699 48.80699 48.80699 48.80699 48.80699 48.80699 48.80699 47.598526 47.598526 47.598526 47.598526 47.598526 47.598526 47.598526 47.598526 47.598526 47.598526 45.340916 45.340916 44.376534 44.376534 44.376534 44.376534 44.376534 44.376534 44.376534 44.376534 40.84151 40.627087 40.627087 40.627087 40.627087 40.627087
50.0 50.0 50.0 50.0 50.0 50.0 50.0 50.0 48.653847 48.653847 48.653847 48.653847 48.653847 48.653847 48.653847 48.653847 48.653847 48.815742 48.815742 48.815742 48.815742 48.815742 48.815742 48.815742 48.815742 48.815742 48.80699 48.80699 48.80699 48.80699 48.80699 48.80699 48.80699 48.80699 48.80699 48.80699 52.433235 47.598526 47.598526 47.598526 47.598526 47.598526 47.598526 47.598526 47.598526 47.598526 45.340916 44.376534 44.376534 44.376534 44.376534 44.376534 44.376534 44.376534 44.376534 44.376534 40.627087 40.627087 40.627087 40.627087 40.627087 40.627087
50.0 50.0 50.0 50.0 50.0 50.0 50.0 50.0 48.653847 48.653847 48.653847 48.653847 48.653847 48.653847 48.653847 48.653847 48.653847 48.815742 48.815742 48.815742 48.815742 48.815742 48.815742 48.815742 48.815742 48.80699 48.80699 48.80699 48.80699 48.80699 48.80699 48.80699 48.80699 52.433235 52.433235 52.433235 52.433235 52.433235 52.433235 47.598526 47.598526 47.598526 47.598526 47.598526 47.598526 47.598526 44.376534 44.376534 44.376534 44.376534 44.376534 44.376534 44.376534 44.376534 44.376534 44.376534 40.627087 40.627087 40.627087 40.627087 40.627087 40.627087
52.542263 52.542263 50.0 50.0 50.0 50.0 50.0 50.0 48.653847 48.653847 48.653847 48.653847 48.653847 48.653847 48.653847 48.653847 48.653847 48.815742 48.815742 48.815742 48.815742 48.815742 48.815742 48.815742 48.815742 48.80699 48.80699 48.80699 48.80699 48.80699 48.80699 52.433235 52.433235 52.433235 52.433235 52.433235 52.433235 52.433235 52.433235 52.433235 52.433235 47.598526 47.598526 47.598526 47.598526 47.598526 44.376534 44.376534 44.376534 44.376534 44.376534 44.376534 44.376534 44.376534 44.376534 41.178387 41.178387 41.178387 40.627087 40.627087 40.627087 40.627087
52.542263 52.542263 52.542263 52.542263 50.0 50.0 50.0 50.0 48.653847 48.653847 48.653847 48.653847 48.653847 48.653847 48.653847 60.22222 60.22222 60.22222 60.22222 60.22222 60.22222 60.22222 60.22222 60.22222 60.22222 59.5763 59.5763 59.5763 48.80699 52.433235 52.433235 52.433235 52.433235 52.433235 52.433235 52.433235 52.433235 52.433235 52.433235 52.433235 52.433235 52.433235 52.433235 47.598526 47.598526 47.598526 44.376534 44.376534 44.376534 44.376534 44.376534 44.376534 44.376534 44.376534 42.697697 41.178387 41.178387 41.178387 41.178387 41.178387 40.0 40.0
52.542263 52.542263 52.542263 52.542263 52.542263 52.542263 50.0 50.0 50.0 63.07509 63.07509 63.07509 63.07509 63.07509 63.07509 63.07509 60.22222 60.22222 60.22222 60.22222 60.22222 60.22222 60.22222 60.22222 60.22222 59.5763 59.5763 59.5763 59.5763 52.433235 52.433235 52.433235 52.433235 52.433235 52.433235 52.433235 52.433235 52.433235 52.433235 52.433235 52.433235 52.433235 52.433235 52.433235 52.433235 47.598526 44.376534 44.376534 44.376534 44.376534 42.697697 42.697697 42.697697 42.697697 42.697697 41.178387 41.178387 41.178387 41.178387 41.178387 40.0 40.0
52.542263 52.542263 52.542263 52.542263 52.542263 52.542263 52.542263 52.542263 63.07509 63.07509 63.07509 63.07509 63.07509 63.07509 63.07509 63.07509 60.22222 60.22222 60.22222 60.22222 60.22222 60.22222 60.22222 60.22222 59.5763 59.5763 59.5763 59.5763 59.5763 52.433235 52.433235 52.433235 52.433235 52.433235 52.433235 52.433235 52.433235 52.433235 52.433235 52.433235 52.433235 52.433235 52.433235 52.433235 52.433235 43.82353 43.82353 43.82353 42.697697 42.697697 42.697697 42.697697 42.697697 42.697697 42.697697 42.697697 41.178387 41.178387 41.178387 41.178387 40.0 40.0
56.941856 56.941856 56.941856 56.941856 56.941856 56.941856 56.941856 56.941856 63.07509 63.07509 63.07509 63.07509 63.07509 63.07509 63.07509 63.07509 63.07509 60.22222 60.22222 60.22222 60.22222 60.22222 60.22222 60.22222 59.5763 59.5763 59.5763 59.5763 59.5763 59.5763 52.433235 52.433235 52.433235 52.433235 52.433235 52.433235 52.433235 52.433235 52.433235 52.433235 52.433235 52.433235 52.433235 52.433235 52.433235 43.82353 43.82353 43.82353 43.82353 42.697697 42.697697 42.697697 42.697697 42.697697 42.697697 42.697697 41.178387 41.178387 41.178387 41.178387 41.178387 40.0
56.941856 56.941856 56.941856 56.941856 56.941856 56.941856 56.941856 56.941856 63.07509 63.07509 63.07509 63.07509 63.07509 63.07509 63.07509 63.07509 63.07509 60.22222 60.22222 60.22222 60.22222 60.22222 60.22222 60.22222 59.5763 59.5763 59.5763 59.5763 59.5763 59.5763 52.433235 52.433235 52.433235 52.433235 52.433235 52.433235 52.433235 52.433235 52.433235 52.433235 52.433235 52.433235 52.433235 52.433235 50.37766 43.82353 43.82353 43.82353 43.82353 43.82353 42.697697 42.697697 42.697697 42.697697 42.697697 42.697697 42.697697 41.178387 41.178387 41.178387 41.178387 40.0
56.941856 56.941856 56.941856 56.941856 56.941856 56.941856 56.941856 63.07509 63.07509 63.07509 63.07509 63.07509 63.07509 63.07509 63.07509 63.07509 63.07509 60.22222 60.22222 60.22222 60.22222 60.22222 60.22222 60.22222 59.5763 59.5763 59.5763 59.5763 59.5763 59.5763 52.433235 52.433235 52.433235 52.433235 52.433235 52.433235 52.433235 52.433235 52.433235 52.433235 52.433235 52.433235 50.37766 50.37766 50.37766 50.37766 43.82353 43.82353 43.82353 43.82353 43.82353 42.697697 42.697697 42.697697 42.697697 42.697697 42.697697 41.178387 41.178387 41.178387 41.178387 40.0
56.941856 56.941856 56.941856 56.941856 56.941856 56.941856 56.941856 63.07509 63.07509 63.07509 63.07509 63.07509 63.07509 63.07509 63.07509 63.07509 63.07509 63.07509 60.22222 60.22222 60.22222 60.22222 60.22222 59.5763 59.5763 59.5763 59.5763 59.5763 59.5763 59.5763 59.5763 52.433235 52.433235 52.433235 52.433235 52.433235 52.433235 52.433235 52.433235 52.433235 52.433235 50.37766 50.37766 50.37766 50.37766 50.37766 45.166668 43.82353 43.82353 43.82353 43.82353 43.82353 42.697697 42.697697 42.697697 42.697697 42.697697 42.697697 41.178387 41.178387 41.178387 41.178387
56.941856 56.941856 56.941856 56.941856 56.941856 65.625 65.625 63.07509 63.07509 63.07509 63.07509 63.07509 63.07509 63.07509 63.07509 63.07509 63.07509 63.07509 60.22222 60.22222 60.22222 60.22222 60.22222 59.5763 59.5763 59.5763 59.5763 59.5763 59.5763 59.5763 59.5763 52.433235 52.433235 52.433235 52.433235 52.433235 52.433235 52.433235 52.433235 52.433235 50.37766 50.37766 50.37766 50.37766 50.37766 50.37766 45.166668 45.166668 43.82353 43.82353 43.82353 43.82353 43.82353 42.697697 42.697697 42.697697 42.697697 42.697697 41.178387 41.178387 41.178387 41.178387
56.941856 65.625 65.625 65.625 65.625 65.625 65.625 63.07509 63.07509 63.07509 63.07509 63.07509 63.07509 63.07509 63.07509 63.07509 63.07509 63.07509 63.07509 60.22222 60.22222 60.22222 60.22222 59.5763 59.5763 59.5763 59.5763 59.5763 59.5763 59.5763 59.5763 52.433235 52.433235 52.433235 52.433235 52.433235 52.433235 52.433235 50.37766 50.37766 50.37766 50.37766 50.37766 50.37766 50.37766 50.37766 45.166668 45.166668 45.166668 43.82353 43.82353 43.82353 43.82353 43.82353 42.697697 42.697697 42.697697 42.697697 42.697697 41.178387 41.178387 41.178387
65.625 65.625 65.625 65.625 65.625 65.625 65.625 65.625 63.07509 63.07509 63.07509 63.07509 63.07509 63.07509 63.07509 63.07509 63.07509 63.07509 63.07509 60.22222 60.22222 60.22222 60.22222 59.5763 59.5763 59.5763 59.5763 59.5763 59.5763 59.5763 59.5763 59.5763 52.433235 52.433235 52.433235 52.433235 52.433235 50.37766 50.37766 50.37766 50.37766 50.37766 50.37766 50.37766 50.37766 50.37766 45.166668 45.166668 45.166668 45.166668 43.82353 43.82353 43.82353 43.82353 43.82353 42.697697 42.697697 42.697697 42.697697 41.178387 41.178387 41.178387
65.625 65.625 65.625 65.625 65.625 65.625 65.625 65.625 63.07509 63.07509 63.07509 63.07509 63.07509 63.07509 63.07509 63.07509 63.07509 63.07509 63.07509 60.22222 60.22222 60.22222 59.5763 59.5763 59.5763 59.5763 59.5763 59.5763 59.5763 59.5763 60.900906 60.900906 54.617916 54.617916 54.617916 54.617916 54.617916 50.37766 50.37766 50.37766 50.37766 50.37766 50.37766 50.37766 50.37766 50.37766 45.166668 45.166668 45.166668 45.166668 45.166668 43.82353 43.82353 43.82353 43.82353 43.82353 42.697697 42.697697 42.697697 42.697697 41.178387 41.178387
65.625 65.625 65.625 65.625 65.625 65.625 65.625 65.625 63.07509 63.07509 63.07509 63.07509 63.07509 63.07509 63.07509 63.07509 63.07509 63.07509 63.07509 63.07509 60.22222 60.22222 62.350628 62.350628 62.350628 62.350628 62.350628 62.350628 60.900906 60.900906 60.900906 60.900906 54.617916 54.617916 54.617916 54.617916 54.617916 50.37766 50.37766 50.37766 50.37766 50.37766 50.37766 50.37766 50.37766 50.37766 45.166668 45.166668 45.166668 45.166668 45.166668 45.166668 43.82353 43.82353 43.82353 43.82353 43.82353 42.697697 42.697697 42.697697 41.178387 41.178387
65.625 65.625 65.625 65.625 65.625 65.625 65.625 65.625 63.07509 63.07509 63.07509 63.07509 63.07509 63.07509 63.07509 63.07509 63.07509 63.07509 63.07509 63.07509 62.350628 62.350628 62.350628 62.350628 62.350628 62.350628 62.350628 62.350628 60.900906 60.900906 60.900906 60.900906 54.617916 54.617916 54.617916 54.617916 54.617916 54.617916 50.37766 50.37766 50.37766 50.37766 50.37766 50.37766 50.37766 50.37766 45.166668 45.166668 45.166668 45.166668 45.166668 45.166668 45.166668 43.82353 43.82353 43.82353 43.82353 43.82353 42.697697 42.697697 42.697697 41.178387
65.625 65.625 65.625 65.625 65.625 65.625 65.625 65.625 65.625 63.07509 63.07509 63.07509 63.07509 63.07509 63.07509 63.07509 63.07509 63.07509 63.07509 62.350628 62.350628 62.350628 62.350628 62.350628 62.350628 62.350628 62.350628 60.900906 60.900906 60.900906 60.900906 60.900906 54.617916 54.617916 54.617916 54.617916 54.617916 54.617916 54.617916 50.37766 50.37766 50.37766 50.37766 50.37766 50.37766 50.37766 45.166668 45.166668 45.166668 45.166668 45.166668 42.910446 42.910446 42.910446 42.910446 42.910446 42.910446 42.910446 42.910446 42.697697 42.697697 41.178387
65.625 65.625 65.625 65.625 65.625 65.625 65.625 65.625 65.625 63.07509 63.07509 63.07509 63.07509 63.07509 63.07509 63.07509 63.07509 63.07509 63.07509 62.350628 62.350628 62.350628 62.350628 62.350628 62.350628 62.350628 62.350628 60.900906 60.900906 60.900906 60.900906 60.900906 54.617916 54.617916 54.617916 54.617916 54.617916 54.617916 54.617916 50.37766 50.37766 50.37766 50.37766 50.37766 50.37766 50.37766 45.166668 45.166668 45.166668 42.910446 42.910446 42.910446 42.910446 42.910446 42.910446 42.910446 42.910446 42.910446 42.910446 42.910446 42.910446 42.910446
65.625 65.625 65.625 65.625 65.625 65.625 65.625 72.91306 72.91306 63.07509 63.07509 63.07509 63.07509 63.07509 63.07509 63.07509 63.07509 63.07509 62.350628 62.350628 62.350628 62.350628 62.350628 62.350628 62.350628 62.350628 62.350628 60.900906 60.900906 60.900906 60.900906 60.900906 54.617916 54.617916 54.617916 54.617916 54.617916 54.617916 54.617916 54.617916 50.37766 50.37766 50.37766 50.37766 50.37766 50.37766 45.166668 42.910446 42.910446 42.910446 42.910446 42.910446 42.910446 42.910446 42.910446 42.910446 42.910446 42.910446 42.910446 42.910446 42.910446 42.910446
72.91306 72.91306 72.91306 72.91306 72.91306 72.91306 72.91306 72.91306 72.91306 72.91306 63.07509 63.07509 63.07509 63.07509 63.07509 63.07509 63.07509 62.350628 62.350628 62.350628 62.350628 62.350628 62.350628 62.350628 62.350628 62.350628 60.900906 60.900906 60.900906 60.900906 60.900906 60.900906 54.617916 54.617916 54.617916 54.617916 54.617916 54.617916 54.617916 54.617916 54.617916 50.37766 50.37766 50.37766 44.327957 44.327957 44.327957 44.327957 42.910446 42.910446 42.910446 42.910446 42.910446 42.910446 42.910446 42.910446 42.910446 42.910446 42.910446 42.910446 42.910446 42.910446
72.91306 72.91306 72.91306 72.91306 72.91306 72.91306 72.91306 72.91306 72.91306 74.12281 74.12281 74.12281 74.12281 74.12281 63.07509 63.07509 63.07509 62.350628 62.350628 62.350628 62.350628 62.350628 62.350628 62.350628 62.350628 62.350628 60.900906 60.900906 60.900906 60.900906 60.900906 60.900906 54.617916 54.617916 54.617916 54.617916 54.617916 54.617916 54.617916 54.617916 54.617916 50.37766 50.37766 45.533974 44.327957 44.327957 44.327957 44.327957 44.327957 42.910446 42.910446 42.910446 42.910446 42.910446 42.910446 42.910446 42.910446 42.910446 42.910446 42.910446 42.910446 42.910446
72.91306 72.91306 72.91306 72.91306 72.91306 72.91306 72.91306 72.91306 72.91306 74.12281 74.12281 74.12281 74.12281 74.12281 74.12281 74.12281 62.350628 62.350628 62.350628 62.350628 62.350628 62.350628 62.350628 62.350628 62.350628 62.350628 60.900906 60.900906 60.900906 60.900906 60.900906 60.900906 54.617916 54.617916 54.617916 54.617916 54.617916 54.617916 54.617916 54.617916 54.617916 45.533974 45.533974 45.533974 45.533974 44.327957 44.327957 44.327957 44.327957 44.327957 42.910446 42.910446 42.910446 42.910446 42.910446 42.910446 42.910446 42.910446 42.910446 42.910446 42.910446 42.910446
72.91306 72.91306 72.91306 72.91306 72.91306 72.91306 72.91306 72.91306 74.12281 74.12281 74.12281 74.12281 74.12281 74.12281 74.12281 74.12281 74.12281 62.350628 62.350628 62.350628 62.350628 62.350628 62.350628 62.350628 62.350628 60.900906 60.900906 60.900906 60.900906 60.900906 60.900906 60.900906 54.617916 54.617916 54.617916 54.617916 54.617916 54.617916 54.617916 54.617916 54.617916 45.533974 45.533974 45.533974 45.533974 45.533974 44.327957 44.327957 44.327957 44.327957 44.327957 42.910446 42.910446 42.910446 42.910446 42.910446 42.910446 42.910446 42.910446 42.910446 42.910446 42.910446
72.91306 72.91306 72.91306 72.91306 72.91306 72.91306 72.91306 74.12281 74.12281 74.12281 74.12281 74.12281 74.12281 74.12281 74.12281 74.12281 74.12281 74.12281 62.350628 62.350628 62.350628 62.350628 62.350628 62.350628 62.350628 60.900906 60.900906 60.900906 60.900906 60.900906 60.900906 60.900906 54.617916 54.617916 54.617916 54.617916 54.617916 54.617916 54.617916 54.617916 45.533974 45.533974 45.533974 45.533974 45.533974 45.533974 45.533974 44.327957 44.327957 44.327957 44.327957 44.327957 44.327957 42.910446 42.910446 42.910446 42.910446 42.910446 42.910446 42.910446 42.910446 40.0
72.91306 72.91306 72.91306 72.91306 72.91306 72.91306 72.91306 74.12281 74.12281 74.12281 74.12281 74.12281 74.12281 74.12281 74.12281 74.12281 74.12281 74.12281 70.333336 62.350628 62.350628 62.350628 62.350628 62.350628 62.350628 60.900906 60.900906 60.900906 60.900906 60.900906 60.900906 60.900906 54.617916 54.617916 54.617916 54.617916 54.617916 54.617916 54.617916 45.533974 45.533974 45.533974 45.533974 45.533974 45.533974 45.533974 45.533974 45.533974 44.327957 44.327957 44.327957 44.327957 44.327957 44.327957 42.910446 42.910446 42.910446 42.910446 42.910446 40.0 40.0 40.0
