nn.asc
NCOLS 250
NROWS 250
XLLCORNER 2.0
YLLCORNER 3.0
CELLSIZE 1.0
NODATA_VALUE -9999
[rows 108 to 134 of 250, columns 124 to 185 of 250]
121.55172 121.55172 121.55172 122.09677 122.09677 122.09677 122.09677 120.48387 120.48387 120.48387 120.48387 120.48387 120.48387 120.48387 120.48387 106.81818 106.81818 106.81818 106.81818 106.81818 106.81818 106.81818 109.25926 109.25926 109.25926 109.25926 109.25926 109.25926 109.25926 109.25926 109.25926 109.25926 109.25926 98.0 98.0 98.0 98.0 99.88372 99.88372 99.88372 99.88372 99.88372 99.88372 99.88372 99.88372 99.88372 97.55814 97.55814 97.55814 95.23256 95.23256 95.23256 92.0 92.0 92.0 92.0 92.0 92.0 86.666664 86.666664 86.666664 86.666664
121.55172 121.55172 122.09677 122.09677 122.09677 122.09677 120.48387 120.48387 120.48387 120.48387 120.48387 120.48387 120.48387 120.48387 120.48387 106.81818 106.81818 106.81818 106.81818 106.81818 106.81818 106.81818 109.25926 109.25926 109.25926 109.25926 109.25926 109.25926 109.25926 109.25926 109.25926 109.25926 109.25926 109.25926 98.0 98.0 98.0 99.88372 99.88372 99.88372 99.88372 99.88372 99.88372 99.88372 99.88372 99.88372 97.55814 97.55814 97.55814 97.55814 95.23256 95.23256 92.57143 92.57143 92.57143 92.57143 92.57143 92.57143 86.666664 86.666664 86.666664 86.666664
121.55172 122.09677 122.09677 122.09677 122.09677 122.09677 120.48387 120.48387 120.48387 120.48387 120.48387 120.48387 120.48387 120.48387 120.48387 119.28571 119.28571 119.28571 119.28571 119.28571 106.81818 109.25926 109.25926 109.25926 109.25926 109.25926 109.25926 109.25926 109.25926 109.25926 109.25926 109.25926 109.25926 109.25926 98.0 98.0 99.88372 99.88372 99.88372 99.88372 99.88372 99.88372 99.88372 99.88372 99.88372 99.88372 97.55814 97.55814 97.55814 97.55814 97.71429 97.71429 92.57143 92.57143 92.57143 92.57143 92.57143 91.71429 91.71429 91.71429 86.666664 86.666664
122.09677 122.09677 122.09677 122.09677 122.09677 123.3871 120.48387 120.48387 120.48387 120.48387 120.48387 120.48387 120.48387 120.48387 119.28571 119.28571 119.28571 119.28571 119.28571 119.28571 119.28571 119.28571 109.25926 109.25926 109.25926 109.25926 109.25926 109.25926 109.25926 109.25926 109.25926 109.25926 109.25926 109.25926 109.25926 99.88372 99.88372 99.88372 99.88372 99.88372 99.88372 99.88372 99.88372 99.88372 99.88372 97.55814 97.55814 97.55814 97.71429 97.71429 97.71429 97.71429 97.71429 92.57143 92.57143 92.57143 91.71429 91.71429 91.71429 91.71429 91.71429 86.666664
122.09677 122.09677 122.09677 123.3871 123.3871 123.3871 123.3871 120.48387 120.48387 120.48387 120.48387 120.48387 120.48387 120.48387 119.28571 119.28571 119.28571 119.28571 119.28571 119.28571 119.28571 119.28571 119.28571 109.25926 109.25926 109.25926 109.25926 109.25926 109.25926 109.25926 109.25926 109.25926 109.25926 109.25926 109.25926 99.88372 99.88372 99.88372 99.88372 99.88372 99.88372 99.88372 99.88372 99.88372 99.88372 97.55814 97.71429 97.71429 97.71429 97.71429 97.71429 97.71429 95.71429 95.71429 91.71429 91.71429 91.71429 91.71429 91.71429 91.71429 91.71429 91.71429
131.66667 123.3871 123.3871 123.3871 123.3871 123.3871 123.3871 120.48387 120.48387 120.48387 120.48387 120.48387 120.48387 120.48387 119.28571 119.28571 119.28571 119.28571 119.28571 119.28571 119.28571 119.28571 119.28571 119.28571 109.25926 109.25926 109.25926 109.25926 109.25926 109.25926 109.25926 109.25926 109.25926 109.25926 109.25926 99.88372 99.88372 99.88372 99.88372 99.88372 99.88372 99.88372 99.88372 99.88372 99.88372 97.71429 97.71429 97.71429 97.71429 97.71429 97.71429 97.71429 95.71429 95.71429 95.71429 91.71429 91.71429 91.71429 91.71429 91.71429 91.71429 91.71429
131.66667 123.3871 123.3871 123.3871 123.3871 123.3871 123.3871 120.48387 120.48387 120.48387 120.48387 120.48387 120.48387 119.28571 119.28571 119.28571 119.28571 119.28571 119.28571 119.28571 119.28571 119.28571 119.28571 119.28571 119.28571 109.25926 109.25926 109.25926 109.25926 109.25926 109.25926 109.25926 109.25926 109.25926 118.06818 99.88372 99.88372 99.88372 99.88372 99.88372 99.88372 99.88372 99.88372 99.88372 97.71429 97.71429 97.71429 97.71429 97.71429 97.71429 97.71429 95.71429 95.71429 95.71429 95.71429 91.71429 91.71429 91.71429 91.71429 91.71429 91.71429 91.71429
131.66667 131.66667 123.3871 123.3871 123.3871 123.3871 123.3871 123.3871 120.48387 120.48387 120.48387 120.48387 120.48387 119.28571 119.28571 119.28571 119.28571 119.28571 119.28571 119.28571 119.28571 119.28571 119.28571 119.28571 119.28571 119.28571 109.25926 109.25926 109.25926 109.25926 118.06818 118.06818 118.06818 118.06818 118.06818 118.06818 110.25 99.88372 99.88372 99.88372 99.88372 99.88372 99.88372 97.71429 97.71429 97.71429 97.71429 97.71429 97.71429 97.71429 95.71429 95.71429 95.71429 95.71429 95.71429 95.71429 91.71429 91.71429 91.71429 91.71429 91.71429 91.71429
131.66667 131.66667 123.3871 123.3871 123.3871 123.3871 123.3871 123.3871 120.48387 120.48387 120.48387 120.48387 120.48387 119.28571 119.28571 119.28571 119.28571 119.28571 119.28571 119.28571 119.28571 119.28571 119.28571 119.28571 119.28571 119.28571 118.06818 118.06818 118.06818 118.06818 118.06818 118.06818 118.06818 118.06818 118.06818 118.06818 110.25 110.25 110.25 110.25 110.25 110.25 97.71429 97.71429 97.71429 97.71429 97.71429 97.71429 97.71429 97.71429 95.71429 95.71429 95.71429 95.71429 95.71429 95.71429 95.0 91.71429 91.71429 91.71429 91.71429 91.71429
131.66667 131.66667 131.66667 123.3871 123.3871 123.3871 123.3871 123.3871 120.48387 120.48387 120.48387 120.48387 119.28571 119.28571 119.28571 119.28571 119.28571 119.28571 119.28571 119.28571 119.28571 119.28571 119.28571 119.28571 119.28571 118.06818 118.06818 118.06818 118.06818 118.06818 118.06818 118.06818 118.06818 118.06818 118.06818 118.06818 110.25 110.25 110.25 110.25 110.25 110.25 110.25 110.25 97.71429 97.71429 97.71429 97.71429 97.71429 95.71429 95.71429 95.71429 95.71429 95.71429 95.0 95.0 95.0 95.0 95.0 95.0 95.0 92.1875
131.66667 131.66667 131.66667 123.3871 123.3871 123.3871 133.83333 133.83333 133.83333 133.83333 133.83333 133.83333 119.28571 119.28571 119.28571 119.28571 119.28571 119.28571 119.28571 119.28571 119.28571 119.28571 119.28571 119.28571 119.28571 118.06818 118.06818 118.06818 118.06818 118.06818 118.06818 118.06818 118.06818 118.06818 118.06818 118.06818 110.25 110.25 110.25 110.25 110.25 110.25 110.25 110.25 110.25 97.71429 97.71429 97.71429 95.71429 95.71429 95.71429 95.71429 95.71429 95.0 95.0 95.0 95.0 95.0 95.0 95.0 92.1875 92.1875
131.66667 131.66667 131.66667 133.83333 133.83333 133.83333 133.83333 133.83333 133.83333 133.83333 133.83333 133.83333 133.83333 119.28571 119.28571 119.28571 119.28571 119.28571 119.28571 119.28571 119.28571 119.28571 119.28571 119.28571 118.06818 118.06818 118.06818 118.06818 118.06818 118.06818 118.06818 118.06818 118.06818 118.06818 118.06818 118.06818 110.25 110.25 110.25 110.25 110.25 110.25 110.25 110.25 110.25 110.25 97.71429 97.71429 95.71429 95.71429 95.71429 95.0 95.0 95.0 95.0 95.0 95.0 95.0 95.0 92.1875 92.1875 92.1875
131.66667 131.66667 133.83333 133.83333 133.83333 133.83333 133.83333 133.83333 133.83333 133.83333 133.83333 133.83333 133.83333 119.28571 119.28571 119.28571 119.28571 119.28571 119.28571 119.28571 119.28571 119.28571 119.28571 118.06818 118.06818 118.06818 118.06818 118.06818 118.06818 118.06818 118.06818 118.06818 118.06818 118.06818 118.06818 118.06818 110.25 110.25 110.25 110.25 110.25 110.25 110.25 110.25 110.25 110.25 110.25 95.71429 95.71429 95.0 95.0 95.0 95.0 95.0 95.0 95.0 95.0 95.0 95.0 92.1875 92.1875 92.1875
131.66667 139.83333 133.83333 133.83333 133.83333 133.83333 133.83333 133.83333 133.83333 133.83333 133.83333 133.83333 133.83333 133.83333 119.28571 119.28571 119.28571 119.28571 119.28571 119.28571 119.28571 119.28571 119.28571 118.06818 118.06818 118.06818 118.06818 118.06818 118.06818 118.06818 118.06818 118.06818 118.06818 118.06818 118.06818 110.25 110.25 110.25 110.25 110.25 110.25 110.25 110.25 110.25 110.25 110.25 110.25 110.25 95.0 95.0 95.0 95.0 95.0 95.0 95.0 95.0 95.0 95.0 92.1875 92.1875 92.1875 92.1875
139.83333 139.83333 133.83333 133.83333 133.83333 133.83333 133.83333 133.83333 133.83333 133.83333 133.83333 133.83333 133.83333 133.83333 133.83333 119.28571 119.28571 119.28571 119.28571 119.28571 119.28571 119.28571 118.06818 118.06818 118.06818 118.06818 118.06818 118.06818 118.06818 118.06818 118.06818 118.06818 118.06818 118.06818 118.06818 110.25 110.25 110.25 110.25 110.25 110.25 110.25 110.25 110.25 110.25 110.25 110.25 110.25 95.0 95.0 95.0 95.0 95.0 95.0 95.0 95.0 95.0 92.1875 92.1875 92.1875 92.1875 92.1875
139.83333 139.83333 139.83333 133.83333 133.83333 133.83333 133.83333 133.83333 133.83333 133.83333 133.83333 133.83333 133.83333 133.83333 133.83333 128.78789 128.78789 128.78789 128.78789 128.78789 128.78789 128.78789 118.06818 118.06818 118.06818 118.06818 118.06818 118.06818 118.06818 118.06818 118.06818 118.06818 118.06818 118.75 118.75 110.25 110.25 110.25 110.25 110.25 110.25 110.25 110.25 110.25 110.25 110.25 110.25 110.25 110.25 95.0 95.0 95.0 95.0 95.0 95.0 95.0 92.1875 92.1875 92.1875 92.1875 92.1875 92.1875
139.83333 139.83333 139.83333 133.83333 133.83333 133.83333 133.83333 133.83333 133.83333 133.83333 133.83333 133.83333 133.83333 133.83333 133.83333 128.78789 128.78789 128.78789 128.78789 128.78789 128.78789 128.78789 128.78789 118.06818 118.06818 118.06818 118.06818 118.06818 118.06818 118.06818 118.75 118.75 118.75 118.75 118.75 110.25 110.25 110.25 110.25 110.25 110.25 110.25 110.25 110.25 110.25 110.25 110.25 110.25 110.25 95.0 95.0 95.0 95.0 95.0 95.0 95.0 92.1875 92.1875 92.1875 92.1875 92.1875 92.1875
139.83333 139.83333 139.83333 139.83333 133.83333 133.83333 133.83333 133.83333 133.83333 133.83333 133.83333 133.83333 133.83333 133.83333 128.78789 128.78789 128.78789 128.78789 128.78789 128.78789 128.78789 128.78789 128.78789 128.78789 118.06818 118.06818 118.06818 118.75 118.75 118.75 118.75 118.75 118.75 118.75 118.75 110.25 110.25 110.25 110.25 110.25 110.25 110.25 110.25 110.25 110.25 110.25 110.25 110.25 105.45455 105.45455 105.45455 95.0 95.0 95.0 95.0 92.1875 92.1875 92.1875 92.1875 92.1875 92.1875 92.1875
139.83333 139.83333 139.83333 139.83333 133.83333 133.83333 133.83333 133.83333 133.83333 133.83333 133.83333 133.83333 133.83333 133.83333 128.78789 128.78789 128.78789 128.78789 128.78789 128.78789 128.78789 128.78789 128.78789 128.78789 118.75 118.75 118.75 118.75 118.75 118.75 118.75 118.75 118.75 118.75 118.75 110.41667 110.41667 110.41667 110.41667 110.41667 110.41667 110.41667 110.41667 110.41667 110.41667 110.41667 110.41667 110.41667 105.45455 105.45455 105.45455 105.45455 105.45455 95.0 92.1875 92.1875 92.1875 92.1875 92.1875 92.1875 92.1875 92.1875
139.83333 139.83333 139.83333 139.83333 139.83333 133.83333 133.83333 133.83333 133.83333 133.83333 133.83333 133.83333 133.83333 128.78789 128.78789 128.78789 128.78789 128.78789 128.78789 128.78789 128.78789 128.78789 128.78789 128.78789 128.78789 119.5 119.5 119.5 119.5 119.5 119.5 119.5 119.5 119.5 119.5 110.41667 110.41667 110.41667 110.41667 110.41667 110.41667 110.41667 110.41667 110.41667 110.41667 110.41667 110.41667 105.45455 105.45455 105.45455 105.45455 105.45455 105.45455 105.45455 92.1875 92.1875 92.1875 92.1875 92.1875 92.1875 92.1875 92.1875
139.83333 139.83333 139.83333 143.02817 143.02817 143.02817 133.83333 133.83333 133.83333 133.83333 133.83333 133.83333 133.83333 128.78789 128.78789 128.78789 128.78789 128.78789 128.78789 128.78789 128.78789 128.78789 128.78789 128.78789 128.78789 119.5 119.5 119.5 119.5 119.5 119.5 119.5 119.5 119.5 119.5 119.5 110.41667 110.41667 110.41667 110.41667 110.41667 110.41667 110.41667 110.41667 110.41667 110.41667 105.45455 105.45455 105.45455 105.45455 105.45455 105.45455 105.45455 105.45455 105.45455 92.1875 92.1875 92.1875 92.1875 92.1875 92.1875 92.1875
143.02817 143.02817 143.02817 143.02817 143.02817 143.02817 143.02817 133.83333 133.83333 133.83333 133.83333 133.83333 128.78789 128.78789 128.78789 128.78789 128.78789 128.78789 128.78789 128.78789 128.78789 128.78789 128.78789 128.78789 128.78789 119.5 119.5 119.5 119.5 119.5 119.5 119.5 119.5 119.5 119.5 119.5 110.41667 110.41667 110.41667 110.41667 110.41667 110.41667 110.41667 110.41667 110.41667 105.45455 105.45455 105.45455 105.45455 105.45455 105.45455 105.45455 105.45455 105.45455 105.45455 103.75 103.75 92.1875 92.1875 92.1875 92.1875 84.375
143.02817 143.02817 143.02817 143.02817 143.02817 143.02817 143.02817 143.02817 145.10323 142.26265 142.26265 142.26265 142.26265 128.78789 128.78789 128.78789 128.78789 128.78789 128.78789 128.78789 128.78789 128.78789 128.78789 128.78789 128.78789 125.5 119.5 119.5 119.5 119.5 119.5 119.5 119.5 119.5 119.5 119.5 110.41667 110.41667 110.41667 110.41667 110.41667 110.41667 110.41667 110.41667 110.41667 105.45455 105.45455 105.45455 105.45455 105.45455 105.45455 105.45455 105.45455 105.45455 103.75 103.75 103.75 103.75 92.1875 92.1875 92.1875 84.375
143.02817 143.02817 143.02817 143.02817 143.02817 143.02817 145.10323 145.10323 145.10323 142.26265 142.26265 142.26265 142.26265 142.26265 128.78789 128.78789 128.78789 128.78789 128.78789 128.78789 128.78789 128.78789 128.78789 128.78789 125.5 125.5 123.5 119.5 119.5 119.5 119.5 119.5 119.5 119.5 119.5 119.5 110.41667 110.41667 110.41667 110.41667 110.41667 110.41667 110.41667 110.41667 105.45455 105.45455 105.45455 105.45455 105.45455 105.45455 105.45455 105.45455 105.45455 103.75 103.75 103.75 103.75 103.75 103.75 103.75 84.375 84.375
143.02817 143.02817 143.02817 143.02817 145.10323 145.10323 145.10323 145.10323 142.26265 142.26265 142.26265 142.26265 142.26265 142.26265 128.78789 128.78789 128.78789 128.78789 128.78789 128.78789 128.78789 128.78789 128.78789 125.5 125.5 125.5 123.5 123.5 123.5 119.5 119.5 119.5 119.5 119.5 118.19149 118.19149 118.19149 110.41667 110.41667 110.41667 110.41667 110.41667 110.41667 105.45455 105.45455 105.45455 105.45455 105.45455 105.45455 105.45455 105.45455 105.45455 105.45455 103.75 103.75 103.75 103.75 103.75 103.75 103.75 103.75 84.375
143.02817 143.02817 145.10323 145.10323 145.10323 145.10323 145.10323 145.10323 142.26265 142.26265 142.26265 142.26265 142.26265 142.26265 142.26265 128.78789 128.78789 128.78789 128.78789 128.78789 128.78789 128.78789 125.5 125.5 125.5 125.5 123.5 123.5 123.5 123.5 123.5 119.5 118.19149 118.19149 118.19149 118.19149 118.19149 118.19149 118.19149 110.41667 110.41667 110.41667 105.45455 105.45455 105.45455 105.45455 105.45455 105.45455 105.45455 105.45455 105.45455 105.45455 103.75 103.75 103.75 103.75 103.75 103.75 103.75 103.75 100.74074 87.5
145.10323 145.10323 145.10323 145.10323 145.10323 145.10323 145.10323 145.10323 142.26265 142.26265 142.26265 142.26265 142.26265 142.26265 142.26265 142.26265 133.26923 133.26923 133.26923 133.26923 133.26923 125.5 125.5 125.5 125.5 125.5 123.5 123.5 123.5 123.5 123.5 118.19149 118.19149 118.19149 118.19149 118.19149 118.19149 118.19149 118.19149 118.19149 114.11765 114.11765 114.11765 105.45455 105.45455 105.45455 105.45455 105.45455 105.45455 105.45455 105.45455 103.75 103.75 103.75 103.75 103.75 103.75 103.75 103.75 100.74074 100.74074 100.74074
