nn.asc
NCOLS 251
NROWS 251
XLLCENTER 2.0
YLLCENTER 3.0
CELLSIZE 1.0
NODATA_VALUE -9999
[rows 108 to 134 of 251, columns 183 to 243 of 251]
90.55556 90.55556 85.5 85.5 92.06897 92.06897 92.06897 92.06897 92.06897 92.06897 92.06897 92.06897 92.06897 92.06897 92.06897 92.06897 92.06897 92.06897 96.5 80.55556 89.09091 89.09091 89.09091 89.09091 89.09091 89.09091 89.09091 89.09091 89.09091 89.09091 91.28205 91.28205 91.28205 91.28205 91.28205 92.30769 92.30769 92.30769 84.48718 84.48718 84.48718 84.48718 84.48718 84.48718 84.48718 84.48718 84.48718 84.48718 84.48718 80.666664 80.666664 80.666664 80.666664 80.666664 80.666664 75.333336 75.333336 75.333336 75.333336 75.333336 75.333336
90.55556 90.55556 90.55556 92.06897 92.06897 92.06897 92.06897 92.06897 92.06897 92.06897 92.06897 92.06897 92.06897 92.06897 92.06897 92.06897 96.5 96.5 96.5 96.5 89.09091 89.09091 89.09091 89.09091 89.09091 89.09091 89.09091 91.28205 91.28205 91.28205 91.28205 91.28205 91.28205 91.28205 92.30769 92.30769 92.30769 92.30769 89.61539 89.61539 89.61539 89.61539 89.61539 84.48718 84.48718 84.48718 84.48718 84.48718 84.48718 80.666664 80.666664 80.666664 80.666664 80.666664 80.666664 75.333336 75.333336 75.333336 75.333336 75.333336 75.333336
90.55556 90.55556 90.55556 92.06897 92.06897 92.06897 92.06897 92.06897 92.06897 92.06897 92.06897 92.06897 92.06897 92.06897 96.5 96.5 96.5 96.5 96.5 96.5 89.09091 89.09091 89.09091 89.09091 91.28205 91.28205 91.28205 91.28205 91.28205 91.28205 91.28205 91.28205 91.28205 92.30769 92.30769 92.30769 92.30769 92.30769 89.61539 89.61539 89.61539 89.61539 89.61539 89.61539 84.48718 84.48718 84.48718 84.48718 84.48718 83.57143 83.57143 83.57143 83.57143 83.57143 83.57143 83.57143 75.333336 75.333336 75.333336 75.333336 75.333336
90.55556 90.55556 90.55556 92.06897 92.06897 92.06897 92.06897 92.06897 92.06897 92.06897 92.06897 96.5 96.5 96.5 96.5 96.5 96.5 96.5 96.5 96.5 96.5 91.28205 91.28205 91.28205 91.28205 91.28205 91.28205 91.28205 91.28205 91.28205 91.28205 92.30769 92.30769 92.30769 92.30769 92.30769 92.30769 92.30769 89.61539 89.61539 89.61539 89.61539 89.61539 89.61539 89.61539 89.61539 84.48718 88.47222 83.57143 83.57143 83.57143 83.57143 83.57143 83.57143 83.57143 83.57143 83.57143 83.57143 75.333336 75.333336 75.333336
90.55556 90.55556 90.55556 92.06897 92.06897 92.06897 92.06897 92.06897 92.06897 96.5 96.5 96.5 96.5 96.5 96.5 96.5 96.5 96.5 96.5 96.5 103.21429 103.21429 91.28205 91.28205 91.28205 91.28205 91.28205 91.28205 91.28205 91.28205 92.30769 92.30769 92.30769 92.30769 92.30769 92.30769 92.30769 92.30769 89.61539 89.61539 89.61539 89.61539 89.61539 89.61539 89.61539 88.47222 88.47222 88.47222 88.47222 83.57143 83.57143 83.57143 83.57143 83.57143 83.57143 83.57143 83.57143 83.57143 83.57143 75.333336 75.333336
90.55556 90.55556 90.55556 92.06897 92.06897 96.5 96.5 96.5 96.5 96.5 96.5 96.5 96.5 96.5 96.5 96.5 96.5 96.5 96.5 103.21429 103.21429 103.21429 103.21429 91.28205 91.28205 91.28205 91.28205 91.28205 91.28205 92.30769 92.30769 92.30769 92.30769 92.30769 92.30769 92.30769 92.30769 92.30769 89.61539 89.61539 89.61539 89.61539 89.61539 89.61539 89.61539 88.47222 88.47222 88.47222 88.47222 88.47222 83.57143 83.57143 83.57143 83.57143 83.57143 83.57143 83.57143 83.57143 83.57143 83.57143 75.333336
90.55556 90.55556 96.5 96.5 96.5 96.5 96.5 96.5 96.5 96.5 96.5 96.5 96.5 96.5 96.5 96.5 96.5 96.5 96.5 103.21429 103.21429 103.21429 103.21429 103.21429 91.28205 91.28205 91.28205 91.28205 92.30769 92.30769 92.30769 92.30769 92.30769 92.30769 92.30769 92.30769 92.30769 92.30769 89.61539 89.61539 89.61539 89.61539 89.61539 89.61539 90.93401 88.47222 88.47222 88.47222 88.47222 88.47222 88.47222 83.57143 83.57143 83.57143 83.57143 83.57143 83.57143 83.57143 83.57143 83.57143 83.57143
90.55556 90.55556 96.5 96.5 96.5 96.5 96.5 96.5 96.5 96.5 96.5 96.5 96.5 96.5 96.5 96.5 96.5 96.5 103.21429 103.21429 103.21429 103.21429 103.21429 103.21429 103.21429 91.28205 91.28205 92.30769 92.30769 92.30769 92.30769 92.30769 92.30769 92.30769 92.30769 92.30769 92.30769 92.30769 89.61539 89.61539 89.61539 89.61539 89.61539 90.93401 90.93401 90.93401 88.47222 88.47222 88.47222 88.47222 88.47222 83.57143 83.57143 83.57143 83.57143 83.57143 83.57143 83.57143 83.57143 83.57143 83.57143
102.77778 102.77778 102.77778 96.5 96.5 96.5 96.5 96.5 96.5 96.5 96.5 96.5 96.5 96.5 96.5 96.5 96.5 103.21429 103.21429 103.21429 103.21429 103.21429 103.21429 103.21429 103.21429 103.21429 103.21429 92.30769 92.30769 92.30769 92.30769 92.30769 92.30769 92.30769 92.30769 92.30769 92.30769 89.61539 89.61539 89.61539 89.61539 90.93401 90.93401 90.93401 90.93401 90.93401 90.93401 88.47222 88.47222 88.47222 88.47222 88.47222 83.57143 83.57143 83.57143 83.57143 83.57143 83.57143 83.57143 88.17073 88.17073
102.77778 102.77778 102.77778 96.5 96.5 96.5 96.5 96.5 96.5 96.5 96.5 96.5 96.5 96.5 96.5 96.5 103.21429 103.21429 103.21429 103.21429 103.21429 103.21429 103.21429 103.21429 103.21429 103.21429 103.21429 92.30769 92.30769 92.30769 92.30769 92.30769 92.30769 92.30769 92.30769 92.30769 92.30769 89.61539 89.61539 89.61539 90.93401 90.93401 90.93401 90.93401 90.93401 90.93401 90.93401 90.93401 88.47222 88.47222 88.47222 88.47222 88.47222 83.57143 83.57143 83.57143 83.57143 88.17073 88.17073 88.17073 88.17073
102.77778 102.77778 102.77778 102.77778 96.5 96.5 96.5 96.5 96.5 96.5 96.5 96.5 96.5 96.5 96.5 103.21429 103.21429 103.21429 103.21429 103.21429 103.21429 103.21429 103.21429 103.21429 103.21429 103.21429 103.21429 100.21424 100.21424 100.21424 100.21424 100.21424 100.21424 100.21424 100.21424 100.21424 100.21424 100.21424 100.21424 90.93401 90.93401 90.93401 90.93401 90.93401 90.93401 90.93401 90.93401 90.93401 90.93401 91.65925 91.65925 91.65925 91.65925 91.65925 91.65925 91.65925 88.17073 88.17073 88.17073 88.17073 88.17073
102.77778 102.77778 102.77778 102.77778 96.5 96.5 96.5 96.5 96.5 96.5 96.5 96.5 96.5 96.5 96.5 103.21429 103.21429 103.21429 103.21429 103.21429 103.21429 103.21429 103.21429 103.21429 103.21429 103.21429 103.21429 100.21424 100.21424 100.21424 100.21424 100.21424 100.21424 100.21424 100.21424 100.21424 100.21424 100.21424 100.21424 90.93401 90.93401 90.93401 90.93401 90.93401 90.93401 90.93401 90.93401 91.65925 91.65925 91.65925 91.65925 91.65925 91.65925 91.65925 91.65925 91.65925 88.17073 88.17073 88.17073 88.17073 88.17073
102.77778 102.77778 102.77778 102.77778 102.77778 106.25 106.25 106.25 106.25 106.25 106.25 106.25 106.25 106.25 103.21429 103.21429 103.21429 103.21429 103.21429 103.21429 103.21429 103.21429 103.21429 103.21429 103.21429 103.21429 103.21429 100.21424 100.21424 100.21424 100.21424 100.21424 100.21424 100.21424 100.21424 100.21424 100.21424 100.21424 100.21424 100.21424 90.93401 90.93401 90.93401 90.93401 90.93401 90.93401 91.65925 91.65925 91.65925 91.65925 91.65925 91.65925 91.65925 91.65925 91.65925 91.65925 88.17073 88.17073 88.17073 88.17073 88.17073
102.77778 102.77778 102.77778 102.77778 102.77778 106.25 106.25 106.25 106.25 106.25 106.25 106.25 106.25 106.25 106.25 103.21429 103.21429 103.21429 103.21429 103.21429 103.21429 103.21429 103.21429 103.21429 103.21429 103.21429 103.21429 100.21424 100.21424 100.21424 100.21424 100.21424 100.21424 100.21424 100.21424 100.21424 100.21424 100.21424 100.21424 100.06665 99.20298 99.20298 90.93401 90.93401 91.65925 91.65925 91.65925 91.65925 91.65925 91.65925 91.65925 91.65925 91.65925 91.65925 91.65925 88.17073 88.17073 88.17073 88.17073 88.17073 88.17073
102.77778 102.77778 102.77778 102.77778 106.25 106.25 106.25 106.25 106.25 106.25 106.25 106.25 106.25 106.25 106.25 103.21429 103.21429 103.21429 103.21429 103.21429 103.21429 103.21429 103.21429 103.21429 103.21429 103.21429 103.21429 100.21424 100.21424 100.21424 100.21424 100.21424 100.21424 100.21424 100.21424 100.21424 100.21424 100.21424 100.06665 100.06665 99.20298 99.20298 99.20298 91.65925 91.65925 91.65925 91.65925 91.65925 91.65925 91.65925 91.65925 91.65925 91.65925 91.65925 91.65925 88.17073 88.17073 88.17073 88.17073 88.17073 88.17073
102.77778 102.77778 102.77778 102.77778 106.25 106.25 106.25 106.25 106.25 106.25 106.25 106.25 106.25 106.25 107.40498 107.40498 103.21429 103.21429 103.21429 103.21429 103.21429 103.21429 103.21429 103.21429 103.21429 105.21739 105.21739 102.48715 100.21424 100.21424 100.21424 100.21424 100.21424 100.21424 100.21424 100.21424 100.21424 100.06665 100.06665 99.20298 99.20298 99.20298 99.20298 99.20298 91.65925 91.65925 91.65925 91.65925 91.65925 91.65925 91.65925 91.65925 91.65925 91.65925 91.65925 88.17073 88.17073 88.17073 88.17073 88.17073 88.17073
102.77778 102.77778 102.77778 102.77778 106.25 106.25 106.25 106.25 106.25 106.25 106.25 106.25 106.25 106.25 107.40498 107.40498 107.40498 103.21429 103.21429 103.21429 103.21429 105.21739 105.21739 105.21739 105.21739 105.21739 105.21739 102.48715 102.48715 102.48715 100.21424 100.21424 100.21424 100.21424 100.21424 100.21424 100.06665 100.06665 100.06665 99.20298 99.20298 99.20298 99.20298 99.20298 91.65925 91.65925 91.65925 91.65925 91.65925 91.65925 91.65925 91.65925 91.65925 91.65925 88.17073 88.17073 88.17073 88.17073 88.17073 88.17073 88.17073
108.33333 108.33333 108.33333 110.83333 110.83333 106.25 106.25 106.25 106.25 106.25 106.25 106.25 106.25 107.40498 107.40498 107.40498 107.40498 107.40498 105.21739 105.21739 105.21739 105.21739 105.21739 105.21739 105.21739 105.21739 105.21739 102.48715 102.48715 102.48715 102.48715 102.48715 100.21424 100.21424 100.21424 100.06665 100.06665 100.06665 100.06665 99.20298 99.20298 99.20298 99.20298 99.20298 99.20298 91.65925 91.65925 91.65925 91.65925 91.65925 91.65925 91.65925 91.65925 91.65925 88.17073 88.17073 88.17073 88.17073 88.17073 88.17073 88.17073
108.33333 108.33333 108.33333 110.83333 110.83333 110.83333 110.83333 106.25 106.25 106.25 106.25 106.25 107.40498 107.40498 107.40498 107.40498 107.40498 107.40498 105.21739 105.21739 105.21739 105.21739 105.21739 105.21739 105.21739 105.21739 105.21739 102.48715 102.48715 102.48715 102.48715 102.48715 102.48715 102.48715 100.06665 100.06665 100.06665 100.06665 99.20298 99.20298 99.20298 99.20298 99.20298 99.20298 99.20298 96.17647 91.65925 91.65925 91.65925 91.65925 91.65925 91.65925 91.65925 91.65925 88.17073 88.17073 88.17073 88.17073 88.17073 88.17073 88.17073
108.33333 108.33333 110.83333 110.83333 110.83333 110.83333 110.83333 110.83333 106.25 106.25 106.25 106.25 107.40498 107.40498 107.40498 107.40498 107.40498 107.40498 105.21739 105.21739 105.21739 105.21739 105.21739 105.21739 105.21739 105.21739 102.48715 102.48715 102.48715 102.48715 102.48715 102.48715 102.48715 102.48715 101.24828 100.06665 100.06665 100.06665 99.20298 99.20298 99.20298 99.20298 99.20298 99.20298 96.17647 96.17647 96.17647 96.17647 96.17647 96.17647 96.17647 91.65925 91.8421 91.8421 91.8421 91.8421 88.17073 88.17073 88.17073 88.17073 88.17073
108.33333 108.33333 110.83333 110.83333 110.83333 110.83333 110.83333 110.83333 110.83333 110.83333 106.25 107.40498 107.40498 107.40498 107.40498 107.40498 107.40498 107.40498 105.21739 105.21739 105.21739 105.21739 105.21739 105.21739 105.21739 105.21739 102.48715 102.48715 102.48715 102.48715 102.48715 102.48715 102.48715 101.24828 101.24828 101.24828 100.34044 100.34044 100.34044 99.20298 99.20298 99.20298 99.20298 99.20298 96.17647 96.17647 96.17647 96.17647 96.17647 96.17647 96.17647 96.17647 91.8421 91.8421 91.8421 91.8421 91.8421 91.8421 88.17073 88.17073 88.17073
108.33333 108.33333 110.83333 110.83333 110.83333 110.83333 110.83333 110.83333 110.83333 110.95217 110.95217 110.95217 107.40498 107.40498 107.40498 107.40498 107.40498 107.40498 105.21739 105.21739 105.21739 105.21739 105.21739 105.21739 105.21739 105.21739 102.48715 102.48715 102.48715 102.48715 102.48715 102.48715 102.48715 101.24828 101.24828 101.24828 100.34044 100.34044 100.34044 100.34044 99.20298 99.20298 99.20298 96.17647 96.17647 96.17647 96.17647 96.17647 96.17647 96.17647 96.17647 96.17647 91.8421 91.8421 91.8421 91.8421 91.8421 91.8421 91.8421 91.8421 88.17073
108.33333 110.83333 110.83333 110.83333 110.83333 110.83333 110.83333 110.83333 110.83333 110.95217 110.95217 110.95217 110.95217 107.40498 107.40498 110.34483 110.34483 110.34483 110.34483 110.34483 105.21739 105.21739 105.21739 105.21739 105.21739 105.21739 102.48715 102.48715 102.48715 102.48715 102.48715 102.48715 101.24828 101.24828 101.24828 101.24828 100.34044 100.34044 100.34044 100.34044 100.34044 99.20298 99.20298 96.17647 96.17647 96.17647 96.17647 96.17647 96.17647 96.17647 96.17647 96.17647 91.8421 91.8421 91.8421 91.8421 91.8421 91.8421 91.8421 91.8421 91.8421
113.05556 110.83333 110.83333 110.83333 110.83333 110.83333 110.83333 110.83333 110.95217 110.95217 110.95217 110.95217 110.95217 110.34483 110.34483 110.34483 110.34483 110.34483 110.34483 110.34483 110.34483 105.21739 105.21739 105.21739 105.21739 105.56053 105.56053 105.56053 102.48715 102.48715 102.48715 102.48715 101.24828 101.24828 101.24828 101.24828 100.34044 100.34044 100.34044 100.34044 100.34044 100.34044 96.17647 96.17647 96.17647 96.17647 96.17647 96.17647 96.17647 96.17647 96.17647 96.17647 91.8421 91.8421 91.8421 91.8421 91.8421 91.8421 91.8421 91.8421 90.789474
113.05556 110.83333 110.83333 110.83333 110.83333 110.83333 110.83333 110.83333 110.95217 110.95217 110.95217 110.95217 110.95217 110.34483 110.34483 110.34483 110.34483 110.34483 110.34483 110.34483 110.34483 110.34483 110.30367 105.21739 105.56053 105.56053 105.56053 105.56053 105.56053 105.56053 105.56053 105.56053 101.24828 101.24828 101.24828 101.24828 100.34044 100.34044 100.34044 100.34044 100.34044 100.34044 96.17647 96.17647 96.17647 96.17647 96.17647 96.17647 96.17647 96.17647 96.17647 96.17647 91.8421 91.8421 91.8421 91.8421 91.8421 91.8421 90.789474 90.789474 90.789474
113.05556 116.41667 110.83333 110.83333 110.83333 110.83333 110.83333 110.95217 110.95217 110.95217 110.95217 110.95217 110.95217 110.34483 110.34483 110.34483 110.34483 110.34483 110.34483 110.34483 110.34483 110.30367 110.30367 110.30367 105.56053 105.56053 105.56053 105.56053 105.56053 105.56053 105.56053 105.56053 105.56053 101.24828 101.24828 101.24828 100.34044 100.34044 100.34044 100.34044 100.34044 100.34044 96.17647 96.17647 96.17647 96.17647 96.17647 96.17647 96.17647 96.17647 96.17647 96.17647 91.8421 91.8421 91.8421 91.8421 91.8421 90.789474 90.789474 90.789474 90.789474
116.41667 116.41667 116.41667 116.41667 110.83333 110.83333 110.83333 110.95217 110.95217 110.95217 110.95217 110.95217 110.34483 110.34483 110.34483 110.34483 110.34483 110.34483 110.34483 110.30367 110.30367 110.30367 110.30367 110.30367 105.56053 105.56053 105.56053 105.56053 105.56053 105.56053 105.56053 105.56053 105.56053 105.56053 101.7106 101.7106 101.7106 101.7106 101.7106 101.7106 101.7106 101.7106 96.17647 96.17647 96.17647 96.17647 96.17647 96.17647 96.17647 96.17647 96.17647 96.17647 91.8421 91.8421 91.8421 90.789474 90.789474 90.789474 90.789474 90.789474 90.789474
