nn.asc
NCOLS 250
NROWS 250
XLLCORNER 2.0
YLLCORNER 3.0
CELLSIZE 1.0
NODATA_VALUE -9999
[rows 162 to 188 of 250, columns 124 to 185 of 250]
147.45097 147.45097 147.45097 147.45097 147.45097 147.45097 146.61617 146.61617 146.61617 146.61617 146.61617 146.21211 146.21211 144.79797 144.79797 144.79797 144.21606 144.21606 144.21606 144.21606 144.21606 144.21606 144.21606 144.21606 136.72414 136.72414 136.72414 136.72414 136.72414 136.72414 136.72414 136.72414 136.72414 136.72414 136.72414 136.72414 136.72414 121.61765 121.61765 121.61765 121.42857 121.42857 121.42857 121.42857 121.42857 121.42857 121.42857 121.42857 121.42857 121.42857 118.55263 118.55263 118.55263 118.55263 118.55263 118.55263 118.55263 112.14286 112.14286 112.14286 112.14286 112.14286
147.45097 147.45097 147.45097 147.45097 147.45097 147.45097 146.61617 146.61617 146.61617 146.61617 146.61617 146.21211 146.21211 144.79797 144.79797 144.79797 144.79797 144.79797 144.79797 144.21606 144.21606 144.21606 144.21606 144.21606 136.72414 136.72414 136.72414 136.72414 136.72414 136.72414 136.72414 136.72414 136.72414 136.72414 136.72414 136.72414 136.72414 136.72414 121.61765 121.42857 121.42857 121.42857 121.42857 121.42857 121.42857 121.42857 121.42857 121.42857 121.42857 118.55263 118.55263 118.55263 118.55263 118.55263 118.55263 118.55263 118.55263 118.55263 112.14286 112.14286 112.14286 112.14286
147.45097 147.45097 147.45097 147.45097 147.45097 146.61617 146.61617 146.61617 146.61617 146.61617 146.61617 146.21211 146.21211 146.21211 144.79797 144.79797 144.79797 144.79797 144.79797 144.79797 144.79797 144.79797 144.21606 144.21606 136.72414 136.72414 136.72414 136.72414 136.72414 136.72414 136.72414 136.72414 136.72414 136.72414 136.72414 136.72414 136.72414 136.72414 121.42857 121.42857 121.42857 121.42857 121.42857 121.42857 121.42857 121.42857 121.42857 121.42857 118.55263 118.55263 118.55263 118.55263 118.55263 118.55263 118.55263 118.55263 118.55263 118.55263 118.55263 118.55263 112.14286 112.14286
147.45097 147.45097 147.45097 147.45097 147.45097 146.61617 146.61617 146.61617 146.61617 146.61617 146.61617 146.21211 146.21211 146.21211 144.79797 144.79797 144.79797 144.79797 144.79797 144.79797 144.79797 144.79797 144.79797 144.79797 136.72414 136.72414 136.72414 136.72414 136.72414 136.72414 136.72414 136.72414 136.72414 136.72414 136.72414 136.72414 136.72414 136.72414 121.42857 121.42857 121.42857 121.42857 121.42857 121.42857 121.42857 121.42857 121.42857 118.55263 118.55263 118.55263 118.55263 118.55263 118.55263 118.55263 118.55263 118.55263 118.55263 118.55263 118.55263 118.55263 118.55263 115.01419
147.45097 147.45097 147.45097 147.45097 147.45097 146.61617 146.61617 146.61617 146.61617 146.61617 146.61617 146.21211 146.21211 146.21211 144.79797 144.79797 144.79797 144.79797 144.79797 144.79797 144.79797 144.79797 144.79797 144.79797 136.72414 136.72414 136.72414 136.72414 136.72414 136.72414 136.72414 136.72414 136.72414 136.72414 136.72414 136.72414 136.72414 136.72414 121.42857 121.42857 121.42857 121.42857 121.42857 121.42857 121.42857 121.42857 121.42857 118.55263 118.55263 118.55263 118.55263 118.55263 118.55263 118.55263 118.55263 118.55263 118.55263 118.55263 118.55263 118.55263 115.01419 115.01419
147.45097 147.45097 147.45097 147.45097 147.45097 146.61617 146.61617 146.61617 146.61617 146.61617 146.61617 146.21211 146.21211 145.50505 145.50505 144.79797 144.79797 144.79797 144.79797 144.79797 144.79797 144.79797 144.79797 144.79797 140.0 140.0 140.0 140.0 136.72414 136.72414 136.72414 136.72414 136.72414 136.72414 136.72414 136.72414 136.72414 136.72414 130.11765 130.11765 130.11765 130.11765 130.11765 130.11765 130.11765 130.11765 130.11765 118.55263 118.55263 118.55263 118.55263 118.55263 118.55263 118.55263 118.55263 118.55263 118.55263 118.55263 118.55263 115.01419 115.01419 115.01419
147.45097 147.45097 147.45097 147.45097 144.73685 144.73685 144.73685 146.61617 146.61617 146.61617 146.61617 146.21211 145.50505 145.50505 145.50505 145.50505 144.79797 144.79797 144.79797 144.79797 144.79797 144.79797 144.79797 140.0 140.0 140.0 140.0 140.0 140.0 140.0 140.0 140.0 136.72414 136.72414 136.72414 136.72414 136.72414 136.72414 130.11765 130.11765 130.11765 130.11765 130.11765 130.11765 130.11765 130.11765 130.11765 130.11765 118.55263 118.55263 118.55263 118.55263 118.55263 118.55263 118.55263 118.55263 118.55263 118.55263 118.55263 115.01419 115.01419 115.01419
147.45097 147.45097 147.45097 144.73685 144.73685 144.73685 144.73685 144.73685 144.73685 146.61617 146.61617 145.50505 145.50505 145.50505 145.50505 145.50505 145.50505 144.79797 144.79797 144.79797 144.79797 144.79797 140.0 140.0 140.0 140.0 140.0 140.0 140.0 140.0 140.0 140.0 140.0 140.0 140.0 140.0 136.72414 130.11765 130.11765 130.11765 130.11765 130.11765 130.11765 130.11765 130.11765 130.11765 130.11765 130.11765 130.11765 130.11765 118.55263 118.55263 118.55263 118.55263 118.55263 118.55263 118.55263 118.55263 115.01419 115.01419 115.01419 115.01419
147.45097 147.45097 147.45097 144.73685 144.73685 144.73685 144.73685 144.73685 144.73685 144.73685 144.73685 145.50505 145.50505 145.50505 145.50505 145.50505 145.50505 144.79797 144.79797 144.79797 144.79797 140.0 140.0 140.0 140.0 140.0 140.0 140.0 140.0 140.0 140.0 140.0 140.0 140.0 140.0 140.0 140.0 130.11765 130.11765 130.11765 130.11765 130.11765 130.11765 130.11765 130.11765 130.11765 130.11765 130.11765 130.11765 130.11765 130.11765 118.55263 118.55263 118.55263 118.55263 118.55263 118.55263 118.55263 115.01419 115.01419 115.01419 115.01419
147.45097 147.45097 144.73685 144.73685 144.73685 144.73685 144.73685 144.73685 144.73685 144.73685 144.73685 144.73685 145.50505 145.50505 145.50505 145.50505 145.50505 145.50505 144.79797 144.79797 140.0 140.0 140.0 140.0 140.0 140.0 140.0 140.0 140.0 140.0 140.0 140.0 140.0 140.0 140.0 140.0 140.0 131.57681 130.11765 130.11765 130.11765 130.11765 130.11765 130.11765 130.11765 130.11765 130.11765 130.11765 130.11765 130.11765 130.11765 130.11765 130.11765 118.55263 118.55263 118.55263 118.55263 115.01419 115.01419 115.01419 115.01419 115.01419
141.76471 144.73685 144.73685 144.73685 144.73685 144.73685 144.73685 144.73685 144.73685 144.73685 144.73685 144.73685 143.54701 143.54701 143.54701 143.54701 143.54701 143.54701 143.54701 140.0 140.0 140.0 140.0 140.0 140.0 140.0 140.0 140.0 140.0 140.0 140.0 140.0 140.0 140.0 140.0 140.0 131.57681 131.57681 131.57681 131.57681 130.11765 130.11765 130.11765 130.11765 130.11765 130.11765 130.11765 130.11765 130.11765 130.11765 130.11765 130.11765 128.66667 128.66667 128.66667 128.66667 115.01419 115.01419 115.01419 115.01419 115.01419 115.01419
141.76471 141.76471 144.73685 144.73685 144.73685 144.73685 144.73685 144.73685 144.73685 144.73685 144.73685 143.54701 143.54701 143.54701 143.54701 143.54701 143.54701 143.54701 143.54701 140.0 140.0 140.0 140.0 140.0 140.0 140.0 140.0 140.0 140.0 140.0 140.0 140.0 140.0 140.0 140.0 140.0 131.57681 131.57681 131.57681 131.57681 131.57681 131.57681 130.11765 130.11765 130.11765 130.11765 130.11765 130.11765 130.11765 130.11765 130.11765 128.66667 128.66667 128.66667 128.66667 128.66667 128.66667 117.57832 117.57832 117.57832 117.57832 117.57832
141.76471 138.97958 138.97958 144.73685 144.73685 144.73685 144.73685 144.73685 144.73685 144.73685 143.54701 143.54701 143.54701 143.54701 143.54701 143.54701 143.54701 143.54701 143.54701 141.66667 140.0 140.0 140.0 140.0 140.0 140.0 140.0 140.0 140.0 140.0 140.0 140.0 140.0 140.0 140.0 140.0 131.57681 131.57681 131.57681 131.57681 131.57681 131.57681 131.57681 131.57681 130.11765 130.11765 130.11765 130.11765 130.11765 130.11765 130.11765 128.66667 128.66667 128.66667 128.66667 128.66667 128.66667 117.57832 117.57832 117.57832 117.57832 117.57832
138.97958 138.97958 138.97958 138.97958 138.97958 144.73685 144.73685 144.73685 144.73685 143.54701 143.54701 143.54701 143.54701 143.54701 143.54701 143.54701 143.54701 141.66667 141.66667 141.66667 140.0 140.0 140.0 140.0 140.0 140.0 140.0 140.0 140.0 140.0 140.0 140.0 140.0 140.0 140.0 138.88036 131.57681 131.57681 131.57681 131.57681 131.57681 131.57681 131.57681 131.57681 131.57681 131.57681 130.11765 130.11765 130.11765 130.11765 128.66667 128.66667 128.66667 128.66667 128.66667 128.66667 128.66667 117.57832 117.57832 117.57832 117.57832 117.57832
138.97958 138.97958 138.97958 138.97958 138.97958 138.97958 144.73685 144.73685 144.73685 143.54701 143.54701 143.54701 143.54701 143.54701 143.54701 141.66667 141.66667 141.66667 141.66667 141.66667 140.0 140.0 140.0 140.0 140.0 140.0 140.0 140.0 140.0 140.0 140.0 140.0 140.0 140.0 138.88036 138.88036 138.88036 131.57681 131.57681 131.57681 131.57681 131.57681 131.57681 131.57681 131.57681 131.57681 131.57681 131.57681 130.11765 128.66667 128.66667 128.66667 128.66667 128.66667 128.66667 128.66667 128.66667 128.66667 117.57832 117.57832 117.57832 117.57832
138.97958 138.97958 138.97958 138.97958 138.97958 138.97958 138.97958 138.97958 143.54701 143.54701 143.54701 143.54701 143.54701 141.66667 141.66667 141.66667 141.66667 141.66667 141.66667 141.66667 141.66667 140.0 140.0 140.0 140.0 140.0 140.0 140.0 140.0 140.0 140.0 140.0 140.0 138.88036 138.88036 138.88036 138.88036 138.88036 131.57681 131.57681 131.57681 131.57681 131.57681 131.57681 131.57681 131.57681 131.57681 131.57681 131.57681 128.66667 128.66667 128.66667 128.66667 128.66667 128.66667 128.66667 128.66667 128.66667 117.57832 117.57832 117.57832 117.57832
138.97958 138.97958 138.97958 138.97958 138.97958 138.97958 138.97958 138.97958 138.97958 143.54701 143.54701 141.66667 141.66667 141.66667 141.66667 141.66667 141.66667 141.66667 141.66667 141.66667 141.66667 140.0 140.0 140.0 140.0 140.0 140.0 140.0 140.0 140.0 140.0 139.7999 138.88036 138.88036 138.88036 138.88036 138.88036 138.88036 131.57681 131.57681 131.57681 131.57681 131.57681 131.57681 131.57681 131.57681 131.57681 131.57681 132.10526 128.66667 128.66667 128.66667 128.66667 128.66667 128.66667 128.66667 128.66667 128.66667 117.57832 117.57832 117.57832 117.57832
138.97958 138.97958 138.97958 138.97958 138.97958 138.97958 138.97958 138.97958 138.97958 141.66667 141.66667 141.66667 141.66667 141.66667 141.66667 141.66667 141.66667 141.66667 141.66667 141.66667 141.66667 141.66667 140.0 140.0 140.0 140.0 140.0 140.0 139.7999 139.7999 139.7999 139.7999 138.88036 138.88036 138.88036 138.88036 138.88036 138.88036 138.88036 131.57681 131.57681 131.57681 131.57681 131.57681 131.57681 131.57681 132.10526 132.10526 132.10526 132.10526 128.66667 128.66667 128.66667 128.66667 128.66667 128.66667 128.66667 128.66667 128.66667 117.57832 117.57832 121.9834
138.97958 138.97958 138.97958 138.97958 138.97958 138.97958 138.97958 138.97958 138.97958 138.97958 141.66667 141.66667 141.66667 141.66667 141.66667 141.66667 141.66667 141.66667 141.66667 141.66667 141.66667 141.66667 140.0 140.0 140.0 140.0 139.7999 139.7999 139.7999 139.7999 139.7999 139.7999 138.88036 138.88036 138.88036 138.88036 138.88036 138.88036 138.88036 138.88036 131.57681 131.57681 131.57681 131.57681 132.10526 132.10526 132.10526 132.10526 132.10526 132.10526 132.10526 128.66667 128.66667 128.66667 128.66667 128.66667 128.66667 128.66667 128.66667 121.9834 121.9834 121.9834
138.97958 138.97958 138.97958 138.97958 138.97958 138.97958 138.97958 138.97958 138.97958 138.97958 141.66667 141.66667 141.66667 141.66667 141.66667 141.66667 141.66667 141.66667 141.66667 141.66667 141.66667 141.66667 141.66667 140.0 139.7999 139.7999 139.7999 139.7999 139.7999 139.7999 139.7999 139.7999 138.88036 138.88036 138.88036 138.88036 138.88036 138.88036 138.88036 138.88036 131.57681 131.57681 132.10526 132.10526 132.10526 132.10526 132.10526 132.10526 132.10526 132.10526 132.10526 132.10526 128.66667 128.66667 128.66667 128.66667 128.66667 128.66667 128.66667 121.9834 121.9834 121.9834
138.97958 138.97958 138.97958 138.97958 138.97958 138.97958 138.97958 138.97958 138.97958 138.97958 141.66667 141.66667 141.66667 141.66667 141.66667 141.66667 141.66667 141.66667 141.66667 141.66667 141.66667 141.66667 136.08696 139.7999 139.7999 139.7999 139.7999 139.7999 139.7999 139.7999 139.7999 139.7999 138.88036 138.88036 138.88036 138.88036 138.88036 138.88036 138.88036 138.88036 138.88036 132.10526 132.10526 132.10526 132.10526 132.10526 132.10526 132.10526 132.10526 132.10526 132.10526 132.10526 132.10526 128.66667 128.66667 128.66667 128.66667 128.66667 121.9834 121.9834 121.9834 121.9834
138.97958 138.97958 138.97958 138.97958 138.97958 138.97958 138.97958 138.97958 138.97958 136.75671 136.75671 136.75671 136.75671 136.75671 136.75671 136.75671 136.75671 136.75671 136.08696 136.08696 136.08696 136.08696 136.08696 139.7999 139.7999 139.7999 139.7999 139.7999 139.7999 139.7999 139.7999 139.7999 138.88036 138.88036 138.88036 138.88036 138.88036 138.88036 138.88036 138.88036 138.88036 132.10526 132.10526 132.10526 132.10526 132.10526 132.10526 132.10526 132.10526 132.10526 132.10526 132.10526 132.10526 132.10526 128.66667 128.66667 128.66667 128.66667 125.0017 125.0017 125.0017 123.50102
138.97958 138.97958 138.97958 138.97958 138.97958 138.97958 138.97958 138.97958 138.97958 136.75671 136.75671 136.75671 136.75671 136.75671 136.75671 136.75671 136.75671 136.75671 136.08696 136.08696 136.08696 136.08696 136.08696 136.08696 139.7999 139.7999 139.7999 139.7999 139.7999 139.7999 139.7999 139.7999 138.88036 138.88036 138.88036 138.88036 138.88036 138.88036 138.88036 138.88036 138.88036 132.10526 132.10526 132.10526 132.10526 132.10526 132.10526 132.10526 132.10526 132.10526 132.10526 132.10526 132.10526 132.10526 132.10526 128.66667 128.66667 130.0 125.0017 125.0017 125.0017 125.0017
133.0 133.0 133.0 138.97958 138.97958 133.26086 133.26086 133.26086 136.75671 136.75671 136.75671 136.75671 136.75671 136.75671 136.75671 136.75671 136.75671 136.08696 136.08696 136.08696 136.08696 136.08696 136.08696 136.08696 139.7999 139.7999 139.7999 139.7999 139.7999 139.7999 139.7999 139.7999 138.88036 138.88036 138.88036 138.88036 138.88036 138.88036 138.88036 138.88036 138.88036 138.88036 132.10526 132.10526 132.10526 132.10526 132.10526 132.10526 132.10526 132.10526 132.10526 132.10526 132.10526 132.10526 130.0 130.0 130.0 130.0 125.0017 125.0017 125.0017 125.0017
133.0 133.0 133.0 133.0 133.26086 133.26086 133.26086 133.26086 133.26086 136.75671 136.75671 136.75671 136.75671 136.75671 136.75671 136.75671 136.75671 136.08696 136.08696 136.08696 136.08696 136.08696 136.08696 136.08696 139.7999 139.7999 139.7999 139.7999 139.7999 139.7999 139.7999 139.7999 138.88036 138.88036 138.88036 138.88036 138.88036 138.88036 138.88036 138.88036 138.88036 138.88036 132.10526 132.10526 131.13522 131.13522 131.13522 131.13522 131.13522 131.13522 131.13522 131.13522 131.13522 131.13522 130.0 130.0 130.0 130.0 128.00307 128.00307 125.0017 125.0017
133.0 133.0 133.0 133.0 133.26086 133.26086 133.26086 133.26086 133.26086 136.75671 136.75671 136.75671 136.75671 136.75671 136.75671 136.75671 136.08696 136.08696 136.08696 136.08696 136.08696 136.08696 136.08696 136.08696 136.08696 139.7999 139.7999 139.7999 139.7999 139.7999 139.7999 139.7999 138.88036 138.88036 138.88036 138.88036 138.88036 138.88036 138.88036 138.88036 138.88036 138.88036 131.13522 131.13522 131.13522 131.13522 131.13522 131.13522 131.13522 131.13522 131.13522 131.13522 131.13522 131.13522 130.0 130.0 130.0 130.0 130.0 128.00307 128.00307 128.00307
133.0 133.0 133.0 133.0 133.26086 133.26086 133.26086 133.26086 133.26086 133.26086 136.75671 136.75671 136.75671 136.75671 136.75671 136.75671 136.08696 136.08696 136.08696 136.08696 136.08696 136.08696 136.08696 136.08696 136.08696 139.7999 139.7999 139.7999 139.7999 139.7999 139.7999 139.7999 138.88036 138.88036 138.88036 138.88036 138.88036 138.88036 138.88036 138.88036 138.88036 131.13522 131.13522 131.13522 131.13522 131.13522 131.13522 131.13522 131.13522 131.13522 131.13522 131.13522 131.13522 130.0 130.0 130.0 130.0 130.0 130.0 128.00307 128.00307 128.00307
