nn.asc
NCOLS 251
NROWS 251
XLLCENTER 2.0
YLLCENTER 3.0
CELLSIZE 1.0
NODATA_VALUE -9999
[rows 162 to 188 of 251, columns 61 to 121 of 251]
126.63462 126.63462 126.63462 126.63462 126.63462 126.63462 126.63462 126.63462 128.88889 128.88889 128.88889 128.88889 128.88889 128.88889 128.88889 128.88889 133.33333 133.33333 134.54546 134.54546 134.54546 134.54546 134.54546 134.54546 134.54546 136.07954 136.07954 136.07954 136.07954 136.39969 136.39969 136.39969 138.29997 138.29997 138.29997 138.29997 138.29997 138.29997 143.01724 143.01724 143.01724 143.01724 143.01724 143.01724 143.01724 143.01724 143.01724 141.95312 141.95312 141.79688 141.79688 141.77419 141.77419 141.77419 141.77419 141.77419 145.9806 145.9806 145.9806 145.9806 145.9806
126.63462 126.63462 126.63462 126.63462 126.63462 126.63462 126.63462 128.88889 128.88889 128.88889 128.88889 128.88889 128.88889 128.88889 128.88889 128.88889 128.88889 128.88889 134.54546 134.54546 134.54546 134.54546 134.54546 134.54546 134.54546 136.07954 136.07954 136.07954 136.07954 136.39969 136.39969 136.39969 138.29997 138.29997 138.29997 138.29997 138.29997 138.29997 137.29996 143.01724 143.01724 143.01724 143.01724 143.01724 143.01724 141.95312 141.95312 141.95312 141.79688 141.79688 141.79688 141.77419 141.77419 141.77419 141.77419 141.77419 141.77419 142.40839 142.40839 142.40839 142.40839
126.63462 126.63462 126.63462 126.63462 126.63462 126.63462 126.63462 128.88889 128.88889 128.88889 128.88889 128.88889 128.88889 128.88889 128.88889 128.88889 128.88889 128.88889 131.1607 131.1607 134.54546 134.54546 134.54546 134.54546 134.54546 136.07954 136.07954 136.07954 136.39969 136.39969 136.39969 136.39969 138.29997 138.29997 138.29997 138.29997 138.29997 137.29996 137.29996 143.01724 143.01724 143.01724 143.01724 143.01724 141.95312 141.95312 141.95312 141.79688 141.79688 141.79688 141.77419 141.77419 141.77419 141.77419 141.77419 141.77419 141.77419 142.40839 142.40839 142.40839 142.40839
126.63462 126.63462 126.63462 126.63462 126.63462 126.63462 128.88889 128.88889 128.88889 128.88889 128.88889 128.88889 128.88889 128.88889 128.88889 128.88889 128.88889 128.88889 131.1607 131.1607 131.1607 131.1607 131.1607 132.62672 132.62672 132.62672 136.07954 136.07954 136.39969 136.39969 136.39969 136.39969 138.29997 138.29997 138.29997 137.29996 137.29996 137.29996 137.29996 137.12962 143.01724 143.01724 141.95312 141.95312 141.95312 141.95312 141.79688 141.79688 141.79688 141.77419 141.77419 141.77419 141.77419 141.77419 141.77419 141.77419 141.77419 142.40839 142.40839 142.40839 142.40839
116.11111 116.11111 116.11111 126.63462 126.63462 128.88889 128.88889 128.88889 128.88889 128.88889 128.88889 128.88889 128.88889 128.88889 128.88889 128.88889 128.88889 128.88889 131.1607 131.1607 131.1607 131.1607 131.1607 132.62672 132.62672 132.62672 132.62672 136.39969 136.39969 136.39969 136.39969 136.39969 138.29997 138.29997 137.29996 137.29996 137.29996 137.29996 137.12962 137.12962 137.12962 141.95312 141.95312 141.95312 141.95312 141.79688 141.79688 141.79688 141.79688 141.77419 141.77419 141.77419 141.77419 141.77419 141.77419 141.77419 141.77419 142.40839 142.40839 142.40839 142.40839
116.11111 116.11111 116.11111 116.11111 116.11111 128.88889 128.88889 128.88889 128.88889 128.88889 128.88889 128.88889 128.88889 128.88889 128.88889 128.88889 128.88889 131.1607 131.1607 131.1607 131.1607 131.1607 131.1607 132.62672 132.62672 132.62672 132.62672 132.62672 136.39969 136.39969 136.39969 136.39969 137.29996 137.29996 137.29996 137.29996 137.29996 137.12962 137.12962 137.12962 137.12962 137.12962 141.95312 141.95312 141.79688 141.79688 141.79688 141.79688 141.77419 141.77419 141.77419 141.77419 141.77419 141.77419 141.77419 141.77419 141.77419 142.40839 142.40839 142.40839 142.40839
116.11111 116.11111 116.11111 116.11111 116.11111 128.88889 128.88889 128.88889 128.88889 128.88889 128.88889 128.88889 128.88889 128.88889 128.88889 128.88889 128.88889 128.64583 128.64583 131.1607 131.1607 131.1607 131.1607 132.62672 132.62672 132.62672 132.62672 132.62672 136.39969 136.39969 136.39969 137.29996 137.29996 137.29996 137.29996 137.29996 137.12962 137.12962 137.12962 137.12962 137.12962 137.12962 141.95312 141.79688 141.79688 141.79688 141.79688 141.77419 141.77419 141.77419 141.77419 141.77419 141.77419 141.77419 141.77419 141.77419 141.77419 142.40839 142.40839 142.40839 142.40839
116.11111 116.11111 116.11111 116.11111 116.11111 116.11111 128.88889 128.88889 128.88889 128.88889 128.88889 128.88889 128.88889 128.88889 128.88889 128.88889 128.64583 128.64583 128.64583 128.64583 131.1607 131.1607 131.1607 132.62672 132.62672 132.62672 132.62672 132.62672 132.62672 136.39969 136.39969 137.29996 137.29996 137.29996 137.29996 137.12962 137.12962 137.12962 137.12962 137.12962 137.12962 137.12962 137.12962 141.79688 141.79688 141.79688 141.79688 141.29031 141.29031 141.29031 141.29031 141.29031 141.29031 141.29031 141.29031 141.29031 141.29031 142.40839 142.40839 142.40839 142.40839
116.11111 116.11111 116.11111 116.11111 116.11111 116.11111 128.88889 128.88889 128.88889 128.88889 128.88889 128.88889 128.88889 128.88889 128.88889 128.64583 128.64583 128.64583 128.64583 128.64583 128.64583 128.64583 131.1607 132.62672 132.62672 132.62672 132.62672 132.62672 132.62672 132.62672 134.72221 134.72221 134.72221 134.72221 134.72221 134.72221 137.12962 137.12962 137.12962 137.12962 137.12962 137.12962 137.12962 141.79688 141.79688 141.79688 141.29031 141.29031 141.29031 141.29031 141.29031 141.29031 141.29031 141.29031 141.29031 141.29031 141.29031 142.40839 142.40839 142.40839 142.40839
116.11111 116.11111 116.11111 116.11111 116.11111 116.11111 116.47059 128.88889 128.88889 128.88889 128.88889 128.88889 128.88889 128.88889 128.64583 128.64583 128.64583 128.64583 128.64583 128.64583 128.64583 128.64583 128.64583 132.62672 132.62672 132.62672 132.62672 132.62672 132.62672 134.72221 134.72221 134.72221 134.72221 134.72221 134.72221 134.72221 134.72221 137.12962 137.12962 137.12962 137.12962 137.12962 137.12962 141.79688 141.79688 141.29031 141.29031 141.29031 141.29031 141.29031 141.29031 141.29031 141.29031 141.29031 141.29031 141.29031 141.29031 142.40839 142.40839 142.40839 142.40839
116.11111 116.11111 116.11111 116.11111 116.11111 116.47059 116.47059 116.47059 116.47059 128.88889 128.88889 128.88889 128.88889 128.64583 128.64583 128.64583 128.64583 128.64583 128.64583 128.64583 128.64583 128.64583 128.64583 132.62672 132.62672 132.62672 132.62672 132.62672 128.22034 134.72221 134.72221 134.72221 134.72221 134.72221 134.72221 134.72221 134.72221 134.72221 134.72221 137.12962 137.12962 137.12962 137.12962 137.12962 141.29031 141.29031 141.29031 141.29031 141.29031 141.29031 141.29031 141.29031 141.29031 141.29031 141.29031 141.29031 137.42146 142.40839 142.40839 142.40839 142.40839
116.11111 116.11111 116.11111 116.11111 116.11111 116.47059 116.47059 116.47059 116.47059 116.47059 121.35417 121.35417 124.47917 124.47917 124.47917 124.47917 124.47917 124.47917 128.64583 128.64583 128.64583 128.64583 128.64583 128.64583 132.62672 128.22034 128.22034 128.22034 128.22034 128.22034 134.72221 134.72221 134.72221 134.72221 134.72221 134.72221 134.72221 134.72221 134.72221 134.72221 137.12962 137.12962 137.12962 137.5 137.5 137.5 137.5 137.5 137.5 137.5 137.5 137.5 137.5 137.5 137.5 137.42146 137.42146 137.42146 137.42146 142.40839 142.40839
116.11111 116.11111 116.11111 116.11111 116.47059 116.47059 116.47059 116.47059 116.47059 116.47059 121.35417 121.35417 121.35417 124.47917 124.47917 124.47917 124.47917 124.47917 124.47917 124.47917 124.47917 124.47917 124.47917 124.47917 128.22034 128.22034 128.22034 128.22034 128.22034 128.22034 128.22034 134.72221 134.72221 134.72221 134.72221 134.72221 134.72221 134.72221 134.72221 134.72221 134.72221 134.72221 137.12962 137.5 137.5 137.5 137.5 137.5 137.5 137.5 137.5 137.5 137.5 137.5 137.42146 137.42146 137.42146 137.42146 137.42146 137.42146 139.11194
116.11111 116.11111 116.11111 116.47059 116.47059 116.47059 116.47059 116.47059 116.47059 116.47059 121.35417 121.35417 121.35417 121.35417 124.47917 124.47917 124.47917 124.47917 124.47917 124.47917 124.47917 124.47917 124.47917 128.22034 128.22034 128.22034 128.22034 128.22034 128.22034 128.22034 128.22034 128.22034 134.72221 134.72221 134.72221 134.72221 134.72221 134.72221 134.72221 134.72221 134.72221 134.72221 137.5 137.5 137.5 137.5 137.5 137.5 137.5 137.5 137.5 137.5 137.5 136.9282 137.42146 137.42146 137.42146 137.42146 137.42146 137.42146 136.88635
116.11111 113.21429 113.21429 116.47059 116.47059 116.47059 116.47059 116.47059 116.47059 116.47059 121.35417 121.35417 121.35417 121.35417 121.35417 124.47917 124.47917 124.47917 124.47917 124.47917 124.47917 124.47917 124.47917 128.22034 128.22034 128.22034 128.22034 128.22034 128.22034 128.22034 128.22034 128.22034 128.22034 134.72221 134.72221 134.72221 134.72221 134.72221 134.72221 131.2712 131.2712 131.2712 137.5 137.5 137.5 137.5 137.5 137.5 137.5 137.5 137.5 137.5 136.9282 136.9282 137.42146 137.42146 137.42146 137.42146 137.42146 136.88635 136.88635
113.21429 113.21429 113.21429 116.47059 116.47059 116.47059 116.47059 116.47059 116.47059 116.47059 121.35417 121.35417 121.35417 121.35417 121.35417 121.35417 124.47917 124.47917 124.47917 124.47917 124.47917 124.47917 124.47917 128.22034 128.22034 128.22034 128.22034 128.22034 128.22034 128.22034 128.22034 128.22034 128.22034 128.22034 131.2712 131.2712 131.2712 131.2712 131.2712 131.2712 131.2712 131.2712 131.2712 137.5 137.5 137.5 137.5 137.5 137.5 137.5 137.5 136.9282 136.9282 136.9282 137.42146 137.42146 137.42146 137.42146 137.42146 136.88635 136.88635
113.21429 113.21429 113.21429 116.47059 116.47059 116.47059 116.47059 116.47059 116.47059 116.47059 119.10256 121.35417 121.35417 121.35417 121.35417 121.35417 121.35417 124.47917 124.47917 124.47917 124.47917 124.47917 124.47917 128.22034 128.22034 128.22034 128.22034 128.22034 128.22034 128.22034 128.22034 128.22034 128.22034 131.2712 131.2712 131.2712 131.2712 131.2712 131.2712 131.2712 131.2712 131.2712 131.2712 137.5 137.5 137.5 137.5 137.5 137.5 137.5 136.9282 136.9282 136.9282 136.9282 137.42146 137.42146 137.42146 137.42146 136.88635 136.88635 136.88635
113.21429 113.21429 113.21429 113.21429 116.47059 116.47059 116.47059 116.47059 116.47059 116.47059 119.10256 119.10256 121.35417 121.35417 121.35417 121.35417 121.35417 121.35417 124.47917 124.47917 124.47917 124.47917 124.47917 128.22034 128.22034 128.22034 128.22034 128.22034 128.22034 128.22034 128.22034 128.22034 126.91489 126.91489 131.2712 131.2712 131.2712 131.2712 131.2712 131.2712 131.2712 131.2712 131.2712 131.2712 137.5 137.5 137.5 137.5 137.5 136.9282 136.9282 136.9282 136.9282 136.9282 137.42146 137.42146 137.42146 137.42146 136.88635 136.88635 136.88635
113.21429 113.21429 113.21429 113.21429 116.47059 116.47059 116.47059 116.47059 116.47059 116.47059 119.10256 119.10256 119.10256 121.35417 121.35417 121.35417 121.35417 121.35417 121.35417 124.47917 124.47917 124.47917 128.22034 128.22034 128.22034 128.22034 128.22034 128.22034 128.22034 128.22034 126.91489 126.91489 126.91489 126.91489 131.2712 131.2712 131.2712 131.2712 131.2712 131.2712 131.2712 131.2712 131.2712 131.2712 137.5 137.5 137.5 137.5 136.9282 136.9282 136.9282 136.9282 136.9282 136.58565 136.58565 137.42146 137.42146 136.88635 136.88635 136.88635 136.88635
113.21429 113.21429 113.21429 113.21429 116.47059 116.47059 116.47059 116.47059 116.47059 116.53846 119.10256 119.10256 119.10256 119.10256 121.35417 119.10256 119.10256 119.10256 119.10256 119.10256 119.10256 119.10256 128.22034 128.22034 128.22034 128.22034 128.22034 128.22034 126.91489 126.91489 126.91489 126.91489 126.91489 126.91489 131.2712 131.2712 131.2712 131.2712 131.2712 131.2712 131.2712 131.2712 131.2712 131.2712 131.2712 137.5 137.5 136.9282 136.9282 136.9282 136.9282 136.9282 136.58565 136.58565 136.58565 137.42146 137.42146 136.88635 136.88635 136.88635 136.88635
111.54762 113.21429 113.21429 113.21429 116.47059 116.47059 116.47059 116.47059 116.53846 116.53846 116.53846 119.10256 119.10256 119.10256 119.10256 119.10256 119.10256 119.10256 119.10256 119.10256 119.10256 119.10256 119.10256 128.22034 128.22034 128.22034 126.91489 126.91489 126.91489 126.91489 126.91489 126.91489 126.91489 126.91489 131.2712 131.2712 131.2712 131.2712 131.2712 131.2712 131.2712 131.2712 131.2712 131.2712 131.2712 137.5 134.56181 134.56181 134.56181 134.56181 134.56181 134.56181 134.56181 136.58565 136.58565 135.34422 135.34422 136.88635 136.88635 136.88635 136.88635
111.54762 113.21429 113.21429 113.21429 116.47059 116.47059 116.47059 116.53846 116.53846 116.53846 116.53846 116.53846 119.10256 119.10256 119.10256 119.10256 119.10256 119.10256 119.10256 119.10256 119.10256 119.10256 119.10256 128.22034 126.91489 126.91489 126.91489 126.91489 126.91489 126.91489 126.91489 126.91489 126.91489 126.91489 131.2712 131.2712 131.2712 131.2712 131.2712 131.2712 131.2712 131.2712 131.2712 131.2712 131.2712 134.56181 134.56181 134.56181 134.56181 134.56181 134.56181 134.56181 134.56181 134.56181 134.56181 135.34422 135.34422 135.34422 136.88635 136.88635 136.88635
111.54762 111.54762 113.21429 113.21429 113.21429 116.47059 116.47059 116.53846 116.53846 116.53846 116.53846 116.53846 116.53846 119.10256 119.10256 119.10256 119.10256 119.10256 119.10256 119.10256 119.10256 119.10256 119.10256 126.91489 126.91489 126.91489 126.91489 126.91489 126.91489 126.91489 126.91489 126.91489 126.91489 126.91489 131.2712 131.2712 131.2712 131.2712 131.2712 131.2712 131.2712 131.2712 131.2712 131.2712 131.2712 134.56181 134.56181 134.56181 134.56181 134.56181 134.56181 134.56181 134.56181 134.56181 134.56181 135.34422 135.34422 135.34422 135.34422 136.88635 136.88635
111.54762 111.54762 113.21429 113.21429 113.21429 116.47059 116.53846 116.53846 116.53846 116.53846 116.53846 116.53846 116.53846 119.10256 119.10256 119.10256 119.10256 119.10256 119.10256 119.10256 115.73171 115.73171 115.73171 115.73171 126.91489 126.91489 126.91489 126.91489 126.91489 126.91489 126.91489 126.91489 126.91489 126.91489 131.2712 131.2712 131.2712 131.2712 131.2712 131.2712 131.2712 131.2712 131.2712 131.2712 134.56181 134.56181 134.56181 134.56181 134.56181 134.56181 134.56181 134.56181 134.56181 134.56181 133.6689 135.34422 135.34422 135.34422 135.34422 135.34422 136.88635
111.54762 111.54762 107.87879 107.87879 107.87879 107.87879 116.53846 116.53846 116.53846 116.53846 116.53846 116.53846 116.53846 119.10256 119.10256 119.10256 119.10256 115.73171 115.73171 115.73171 115.73171 115.73171 115.73171 115.73171 126.91489 126.91489 126.91489 126.91489 126.91489 126.91489 126.91489 126.91489 126.91489 126.91489 126.91489 131.2712 131.2712 131.2712 131.2712 131.2712 131.2712 131.2712 131.2712 131.2712 134.56181 134.56181 134.56181 134.56181 134.56181 134.56181 134.56181 134.56181 134.56181 133.6689 133.6689 133.6689 135.34422 135.34422 135.34422 135.34422 132.78226
107.87879 107.87879 107.87879 107.87879 107.87879 107.87879 107.87879 116.53846 116.53846 116.53846 116.53846 116.53846 116.53846 119.10256 115.73171 115.73171 115.73171 115.73171 115.73171 115.73171 115.73171 115.73171 115.73171 115.73171 115.73171 126.91489 126.91489 126.91489 126.91489 126.91489 126.91489 126.91489 126.91489 126.91489 126.91489 131.2712 131.2712 131.2712 131.2712 131.2712 131.2712 131.2712 131.2712 131.2712 134.56181 134.56181 134.56181 134.56181 134.56181 134.56181 134.56181 133.6689 133.6689 133.6689 133.6689 133.6689 133.6689 133.6689 135.34422 135.34422 132.78226
107.87879 107.87879 107.87879 107.87879 107.87879 107.87879 107.87879 107.87879 110.12821 110.12821 110.12821 110.12821 110.12821 115.73171 115.73171 115.73171 115.73171 115.73171 115.73171 115.73171 115.73171 115.73171 115.73171 115.73171 115.73171 117.97619 117.97619 126.91489 126.91489 126.91489 126.91489 121.3 121.3 121.3 121.3 121.3 131.2712 131.2712 131.2712 131.2712 131.2712 131.2712 131.2712 127.5 127.5 134.56181 134.56181 134.56181 134.56181 134.56181 133.6689 133.6689 133.6689 133.6689 133.6689 133.6689 133.6689 133.6689 133.6689 132.78226 132.78226
