nn.asc
NCOLS 251
NROWS 251
XLLCENTER 2.0
YLLCENTER 3.0
CELLSIZE 1.0
NODATA_VALUE -9999
[rows 81 to 107 of 251, columns 122 to 182 of 251]
105.45455 110.41667 110.41667 110.41667 110.25 110.25 110.25 110.25 110.25 110.25 97.71429 97.71429 97.71429 97.71429 97.71429 97.71429 97.71429 97.55814 97.55814 97.55814 97.55814 99.88372 99.88372 97.051285 97.051285 97.051285 97.051285 94.23077 94.23077 94.23077 94.23077 94.23077 89.375 89.375 89.375 89.375 89.375 89.375 89.375 89.375 89.375 89.375 75.0 75.0 75.0 75.0 75.0 75.0 75.0 75.0 72.77778 72.77778 72.77778 69.3421 69.3421 69.3421 69.3421 69.3421 69.3421 69.3421 69.3421
110.41667 110.41667 110.41667 110.41667 110.25 110.25 110.25 110.25 110.25 110.25 110.25 97.71429 97.71429 97.71429 97.71429 97.71429 97.71429 99.88372 99.88372 99.88372 99.88372 99.88372 99.88372 97.051285 97.051285 97.051285 97.051285 94.23077 94.23077 94.23077 94.23077 94.23077 89.375 89.375 89.375 89.375 89.375 89.375 89.375 89.375 89.375 84.28571 84.28571 84.28571 75.0 75.0 75.0 75.0 75.0 75.0 72.77778 72.77778 69.3421 69.3421 69.3421 69.3421 69.3421 69.3421 69.3421 69.3421 69.3421
110.41667 110.41667 110.41667 110.41667 110.25 110.25 110.25 110.25 110.25 110.25 110.25 110.25 97.71429 97.71429 97.71429 99.88372 99.88372 99.88372 99.88372 99.88372 99.88372 99.88372 99.88372 97.051285 97.051285 97.051285 97.051285 94.23077 94.23077 94.23077 94.23077 89.375 89.375 89.375 89.375 89.375 89.375 89.375 89.375 89.375 89.375 84.28571 84.28571 84.28571 84.28571 84.28571 75.0 75.0 75.0 75.0 72.77778 69.3421 69.3421 69.3421 69.3421 69.3421 69.3421 69.3421 69.3421 69.3421 69.3421
110.41667 110.41667 110.41667 110.41667 110.25 110.25 110.25 110.25 110.25 110.25 110.25 110.25 97.71429 97.71429 99.88372 99.88372 99.88372 99.88372 99.88372 99.88372 99.88372 99.88372 99.88372 97.051285 97.051285 97.051285 97.051285 97.051285 94.23077 94.23077 94.23077 89.375 89.375 89.375 89.375 89.375 89.375 89.375 89.375 89.375 84.28571 84.28571 84.28571 84.28571 84.28571 84.28571 84.28571 84.28571 75.0 74.625 69.3421 69.3421 69.3421 69.3421 69.3421 69.3421 69.3421 69.3421 69.3421 69.3421 69.3421
110.41667 110.41667 110.41667 110.41667 110.25 110.25 110.25 110.25 110.25 110.25 110.25 110.25 110.25 99.88372 99.88372 99.88372 99.88372 99.88372 99.88372 99.88372 99.88372 99.88372 99.88372 97.051285 97.051285 97.051285 97.051285 97.051285 94.23077 94.23077 94.23077 89.375 89.375 89.375 89.375 89.375 89.375 89.375 89.375 84.28571 84.28571 84.28571 84.28571 84.28571 84.28571 84.28571 84.28571 84.28571 74.625 74.625 74.625 74.625 69.3421 69.3421 69.3421 69.3421 69.3421 69.3421 69.3421 69.3421 69.3421
110.41667 110.41667 110.41667 110.41667 110.25 110.25 110.25 110.25 110.25 110.25 110.25 110.25 110.25 99.88372 99.88372 99.88372 99.88372 99.88372 99.88372 99.88372 99.88372 99.88372 99.88372 97.051285 97.051285 97.051285 97.051285 97.051285 94.23077 94.23077 94.23077 89.375 89.375 89.375 89.375 89.375 89.375 89.375 84.28571 84.28571 84.28571 84.28571 84.28571 84.28571 84.28571 84.28571 84.28571 84.28571 74.625 74.625 74.625 74.625 74.625 69.3421 69.3421 69.3421 69.3421 69.3421 69.3421 69.3421 69.3421
110.41667 110.41667 110.41667 110.41667 110.25 110.25 110.25 110.25 110.25 110.25 110.25 110.25 110.25 99.88372 99.88372 99.88372 99.88372 99.88372 99.88372 99.88372 99.88372 99.88372 99.88372 97.051285 97.051285 97.051285 97.051285 98.0 98.0 98.0 98.0 89.375 89.375 89.375 89.375 89.375 89.375 84.28571 84.28571 84.28571 84.28571 84.28571 84.28571 84.28571 84.28571 84.28571 84.28571 84.28571 74.625 74.625 74.625 74.625 74.625 74.625 74.625 69.3421 69.3421 69.3421 69.3421 69.3421 69.3421
110.41667 110.41667 110.41667 110.41667 110.25 110.25 110.25 110.25 110.25 110.25 110.25 110.25 110.25 110.25 99.88372 99.88372 99.88372 99.88372 99.88372 99.88372 99.88372 99.88372 99.88372 98.0 98.0 98.0 98.0 98.0 98.0 98.0 98.0 98.0 89.375 89.375 89.375 89.375 84.28571 84.28571 84.28571 84.28571 84.28571 84.28571 84.28571 84.28571 84.28571 84.28571 84.28571 84.28571 74.625 74.625 74.625 74.625 74.625 74.625 74.625 74.625 74.625 69.3421 69.3421 69.3421 69.3421
110.41667 110.41667 110.41667 110.41667 110.25 110.25 110.25 110.25 110.25 110.25 110.25 110.25 110.25 110.25 99.88372 99.88372 99.88372 99.88372 99.88372 99.88372 99.88372 99.88372 98.0 98.0 98.0 98.0 98.0 98.0 98.0 98.0 98.0 98.0 98.0 89.375 89.375 84.28571 84.28571 84.28571 84.28571 84.28571 84.28571 84.28571 84.28571 84.28571 84.28571 84.28571 84.28571 84.189186 74.625 74.625 74.625 74.625 74.625 74.625 74.625 74.625 74.625 74.625 69.3421 69.3421 69.3421
110.41667 110.41667 110.41667 110.41667 110.25 110.25 110.25 110.25 110.25 110.25 110.25 110.25 110.25 110.25 99.88372 99.88372 99.88372 99.88372 99.88372 99.88372 99.88372 98.0 98.0 98.0 98.0 98.0 98.0 98.0 98.0 98.0 98.0 98.0 98.0 98.0 89.375 84.28571 84.28571 84.28571 84.28571 84.28571 84.28571 84.28571 84.28571 84.28571 84.28571 84.189186 84.189186 84.189186 80.875 74.625 74.625 74.625 74.625 74.625 74.625 74.625 74.625 74.625 74.625 74.625 69.3421
110.41667 110.41667 110.41667 110.41667 110.25 110.25 110.25 110.25 110.25 110.25 110.25 110.25 118.06818 118.06818 99.88372 99.88372 99.88372 99.88372 99.88372 98.0 98.0 98.0 98.0 98.0 98.0 98.0 98.0 98.0 98.0 98.0 98.0 98.0 98.0 98.0 98.0 84.28571 84.28571 84.28571 84.28571 84.28571 84.28571 84.28571 84.28571 84.189186 84.189186 84.189186 84.189186 84.189186 80.875 80.875 74.625 74.625 74.625 74.625 74.625 74.625 74.625 74.625 74.625 74.625 74.625
119.5 119.5 118.75 118.75 118.75 118.75 118.75 118.06818 118.06818 118.06818 118.06818 118.06818 118.06818 118.06818 118.06818 109.25926 109.25926 109.25926 98.0 98.0 98.0 98.0 98.0 98.0 98.0 98.0 98.0 98.0 98.0 98.0 98.0 98.0 98.0 98.0 88.85714 88.85714 88.85714 88.85714 88.85714 84.28571 84.28571 84.189186 84.189186 84.189186 84.189186 84.189186 84.189186 80.875 80.875 80.875 80.875 74.625 74.625 74.625 74.625 74.625 74.625 74.625 74.625 74.625 74.625
119.5 119.5 118.75 118.75 118.75 118.75 118.06818 118.06818 118.06818 118.06818 118.06818 118.06818 118.06818 118.06818 118.06818 109.25926 109.25926 109.25926 109.25926 109.25926 98.0 98.0 98.0 98.0 98.0 98.0 98.0 98.0 98.0 98.0 98.0 98.0 98.0 98.0 88.85714 88.85714 88.85714 88.85714 88.85714 88.85714 84.189186 84.189186 84.189186 84.189186 84.189186 84.189186 84.189186 80.875 80.875 80.875 80.875 80.875 74.625 74.625 74.625 74.625 74.625 74.625 74.625 74.625 74.625
119.5 119.5 118.75 118.75 118.75 118.75 118.06818 118.06818 118.06818 118.06818 118.06818 118.06818 118.06818 118.06818 118.06818 109.25926 109.25926 109.25926 109.25926 109.25926 109.25926 98.0 98.0 98.0 98.0 98.0 98.0 98.0 98.0 98.0 98.0 98.0 98.0 88.85714 88.85714 88.85714 88.85714 88.85714 88.85714 88.85714 88.85714 84.189186 84.189186 84.189186 84.189186 84.189186 84.189186 80.875 80.875 80.875 80.875 80.875 80.875 74.625 74.625 74.625 74.625 74.625 74.625 74.625 74.625
119.5 119.5 118.75 118.75 118.75 118.75 118.06818 118.06818 118.06818 118.06818 118.06818 118.06818 118.06818 118.06818 109.25926 109.25926 109.25926 109.25926 109.25926 109.25926 109.25926 109.25926 109.25926 98.0 98.0 98.0 98.0 98.0 98.0 98.0 98.0 98.0 98.0 88.85714 88.85714 88.85714 88.85714 88.85714 88.85714 88.85714 88.85714 88.85714 84.189186 84.189186 84.189186 84.189186 80.875 80.875 80.875 80.875 80.875 80.875 80.875 80.875 80.875 74.625 74.625 74.625 74.625 74.625 74.625
119.5 119.5 118.75 118.75 118.75 118.06818 118.06818 118.06818 118.06818 118.06818 118.06818 118.06818 118.06818 118.06818 109.25926 109.25926 109.25926 109.25926 109.25926 109.25926 109.25926 109.25926 109.25926 109.25926 98.0 98.0 98.0 98.0 98.0 98.0 98.0 98.0 88.85714 88.85714 88.85714 88.85714 88.85714 88.85714 88.85714 88.85714 88.85714 88.85714 88.85714 84.189186 84.189186 84.189186 80.875 80.875 80.875 80.875 80.875 80.875 80.875 80.875 80.875 80.875 74.625 74.625 74.625 74.625 74.625
119.5 119.5 118.75 118.75 118.75 118.06818 118.06818 118.06818 118.06818 118.06818 118.06818 118.06818 118.06818 118.06818 109.25926 109.25926 109.25926 109.25926 109.25926 109.25926 109.25926 109.25926 109.25926 109.25926 109.25926 101.85185 101.85185 101.85185 101.85185 101.85185 101.85185 101.85185 101.85185 88.85714 88.85714 88.85714 88.85714 88.85714 88.85714 88.85714 88.85714 88.85714 88.85714 87.0 87.0 87.0 87.0 80.875 80.875 80.875 80.875 80.875 80.875 80.875 80.875 80.875 80.875 74.625 74.625 74.625 74.625
119.5 119.5 118.75 118.75 118.75 118.06818 118.06818 118.06818 118.06818 118.06818 118.06818 118.06818 118.06818 118.06818 109.25926 109.25926 109.25926 109.25926 109.25926 109.25926 109.25926 109.25926 109.25926 109.25926 109.25926 101.85185 101.85185 101.85185 101.85185 101.85185 101.85185 101.85185 101.85185 88.85714 88.85714 88.85714 88.85714 88.85714 88.85714 88.85714 88.85714 88.85714 87.0 87.0 87.0 87.0 87.0 87.0 80.875 80.875 80.875 80.875 80.875 80.875 80.875 80.875 80.875 80.875 74.625 74.625 85.5
119.5 119.5 118.75 118.75 118.06818 118.06818 118.06818 118.06818 118.06818 118.06818 118.06818 118.06818 118.06818 118.06818 109.25926 109.25926 109.25926 109.25926 109.25926 109.25926 109.25926 109.25926 109.25926 109.25926 101.85185 101.85185 101.85185 101.85185 101.85185 101.85185 101.85185 101.85185 101.85185 101.85185 88.85714 88.85714 88.85714 88.85714 88.85714 88.85714 88.85714 87.0 87.0 87.0 87.0 87.0 87.0 87.0 86.55556 80.875 80.875 80.875 80.875 80.875 80.875 80.875 80.875 80.875 80.875 85.5 85.5
119.5 119.5 118.75 118.75 118.06818 118.06818 118.06818 118.06818 118.06818 118.06818 118.06818 118.06818 118.06818 109.25926 109.25926 109.25926 109.25926 109.25926 109.25926 109.25926 109.25926 109.25926 109.25926 109.25926 101.85185 101.85185 101.85185 101.85185 101.85185 101.85185 101.85185 101.85185 101.85185 101.85185 88.85714 88.85714 88.85714 88.85714 88.85714 88.85714 87.0 87.0 87.0 87.0 87.0 87.0 87.0 87.0 86.55556 86.55556 86.55556 86.55556 86.55556 86.55556 86.55556 86.55556 86.55556 80.875 85.5 85.5 85.5
119.5 119.5 118.75 118.75 118.06818 118.06818 118.06818 118.06818 118.06818 118.06818 118.06818 118.06818 118.06818 119.28571 109.25926 109.25926 109.25926 109.25926 109.25926 109.25926 109.25926 109.25926 109.25926 109.25926 101.85185 101.85185 101.85185 101.85185 101.85185 101.85185 101.85185 101.85185 101.85185 101.85185 101.85185 88.85714 88.85714 88.85714 88.85714 88.85714 87.0 87.0 87.0 87.0 87.0 87.0 87.0 86.55556 86.55556 86.55556 86.55556 86.55556 86.55556 86.55556 86.55556 86.55556 86.55556 90.55556 90.55556 85.5 85.5
119.5 119.5 118.75 118.75 118.06818 118.06818 118.06818 118.06818 118.06818 118.06818 118.06818 119.28571 119.28571 119.28571 119.28571 109.25926 109.25926 109.25926 109.25926 109.25926 109.25926 109.25926 109.25926 109.25926 101.85185 101.85185 101.85185 101.85185 101.85185 101.85185 101.85185 101.85185 101.85185 101.85185 97.5641 97.5641 97.5641 88.85714 88.85714 87.0 87.0 87.0 87.0 87.0 87.0 87.0 86.55556 86.55556 86.55556 86.55556 86.55556 86.55556 86.55556 86.55556 86.55556 86.55556 90.55556 90.55556 90.55556 90.55556 85.5
128.78789 128.78789 128.78789 128.78789 118.06818 118.06818 118.06818 118.06818 118.06818 118.06818 119.28571 119.28571 119.28571 119.28571 119.28571 119.28571 109.25926 109.25926 109.25926 109.25926 109.25926 109.25926 109.25926 106.81818 106.81818 101.85185 101.85185 101.85185 101.85185 101.85185 101.85185 101.85185 101.85185 97.5641 97.5641 97.5641 97.5641 97.5641 97.5641 87.0 87.0 87.0 87.0 87.0 87.0 86.55556 86.55556 86.55556 86.55556 86.55556 86.55556 86.55556 86.55556 86.55556 86.55556 86.55556 90.55556 90.55556 90.55556 90.55556 85.5
128.78789 128.78789 128.78789 128.78789 128.78789 118.06818 118.06818 118.06818 118.06818 119.28571 119.28571 119.28571 119.28571 119.28571 119.28571 119.28571 119.28571 109.25926 109.25926 109.25926 109.25926 109.25926 106.81818 106.81818 106.81818 106.81818 101.85185 101.85185 101.85185 101.85185 101.85185 101.85185 97.5641 97.5641 97.5641 97.5641 97.5641 97.5641 97.5641 97.5641 87.0 87.0 87.0 87.0 87.0 86.55556 86.55556 86.55556 86.55556 86.55556 86.55556 86.55556 86.55556 86.55556 86.55556 90.55556 90.55556 90.55556 90.55556 90.55556 90.55556
128.78789 128.78789 128.78789 128.78789 128.78789 128.78789 118.06818 119.28571 119.28571 119.28571 119.28571 119.28571 119.28571 119.28571 119.28571 119.28571 119.28571 119.28571 109.25926 109.25926 109.25926 106.81818 106.81818 106.81818 106.81818 106.81818 106.81818 101.85185 101.85185 101.85185 101.85185 101.85185 97.5641 97.5641 97.5641 97.5641 97.5641 97.5641 97.5641 97.5641 97.5641 87.0 87.0 87.0 86.55556 86.55556 86.55556 86.55556 86.55556 86.55556 86.55556 86.55556 86.55556 86.55556 90.55556 90.55556 90.55556 90.55556 90.55556 90.55556 90.55556
128.78789 128.78789 128.78789 128.78789 128.78789 128.78789 128.78789 119.28571 119.28571 119.28571 119.28571 119.28571 119.28571 119.28571 119.28571 119.28571 119.28571 119.28571 119.28571 106.81818 106.81818 106.81818 106.81818 106.81818 106.81818 106.81818 106.81818 106.81818 106.81818 101.85185 101.85185 97.5641 97.5641 97.5641 97.5641 97.5641 97.5641 97.5641 97.5641 97.5641 97.5641 97.5641 87.0 86.55556 86.55556 86.55556 86.55556 86.55556 86.55556 86.55556 86.55556 86.55556 86.55556 90.55556 90.55556 90.55556 90.55556 90.55556 90.55556 90.55556 90.55556
128.78789 128.78789 128.78789 128.78789 128.78789 128.78789 128.78789 119.28571 119.28571 119.28571 119.28571 119.28571 119.28571 119.28571 119.28571 119.28571 119.28571 119.28571 119.28571 106.81818 106.81818 106.81818 106.81818 106.81818 106.81818 106.81818 106.81818 106.81818 106.81818 106.81818 97.5641 97.5641 97.5641 97.5641 97.5641 97.5641 97.5641 97.5641 97.5641 97.5641 97.5641 97.5641 97.5641 86.55556 86.55556 86.55556 86.55556 86.55556 86.55556 86.55556 86.55556 86.55556 86.55556 90.55556 90.55556 90.55556 90.55556 90.55556 90.55556 90.55556 90.55556
