nn.asc
NCOLS 251
NROWS 251
XLLCENTER 2.0
YLLCENTER 3.0
CELLSIZE 1.0
NODATA_VALUE -9999
[rows 135 to 161 of 251, columns 183 to 243 of 251]
116.41667 116.41667 116.41667 116.41667 116.41667 116.41667 110.95217 110.95217 110.95217 110.95217 110.95217 110.95217 110.34483 110.34483 110.34483 110.34483 110.34483 110.34483 110.30367 110.30367 110.30367 110.30367 110.30367 109.15565 109.15565 105.56053 105.56053 105.56053 105.56053 105.56053 105.56053 105.56053 105.56053 105.56053 101.7106 101.7106 101.7106 101.7106 101.7106 101.7106 101.7106 101.7106 101.7106 96.17647 96.17647 96.17647 96.17647 96.17647 96.17647 96.17647 96.17647 96.17647 91.8421 91.8421 90.789474 90.789474 90.789474 90.789474 90.789474 90.789474 90.789474
116.41667 116.41667 116.41667 116.41667 116.41667 116.41667 116.41667 116.41667 110.95217 110.95217 110.95217 110.95217 110.34483 110.34483 110.34483 110.34483 110.34483 110.30367 110.30367 110.30367 110.30367 110.30367 109.15565 109.15565 109.15565 105.56053 105.56053 105.56053 105.56053 105.56053 105.56053 105.56053 105.56053 105.56053 101.7106 101.7106 101.7106 101.7106 101.7106 101.7106 101.7106 101.7106 101.7106 101.7106 96.17647 96.17647 96.17647 96.17647 96.17647 96.17647 96.17647 96.17647 91.94319 91.206894 91.206894 90.789474 90.789474 90.789474 90.789474 90.789474 90.789474
116.41667 116.41667 116.41667 116.41667 116.41667 116.41667 116.41667 116.41667 116.41667 110.95217 110.95217 110.95217 110.34483 110.34483 110.34483 110.30367 110.30367 110.30367 110.30367 110.30367 110.30367 110.30367 109.15565 109.15565 109.15565 109.15565 105.56053 105.56053 105.56053 105.56053 105.56053 105.56053 105.56053 104.66381 101.7106 101.7106 101.7106 101.7106 101.7106 101.7106 101.7106 101.7106 101.7106 101.7106 96.17647 96.17647 96.17647 96.17647 96.17647 96.17647 91.94319 91.94319 91.94319 91.94319 91.206894 91.206894 91.206894 91.206894 91.206894 91.206894 90.789474
116.41667 116.41667 116.41667 116.41667 116.41667 116.41667 116.41667 116.41667 115.97478 115.97478 115.97478 115.97478 110.34483 110.34483 110.30367 110.30367 110.30367 110.30367 110.30367 110.30367 110.30367 109.15565 109.15565 109.15565 109.15565 109.15565 105.56053 105.56053 105.56053 105.56053 105.56053 104.66381 104.66381 104.66381 101.7106 101.7106 101.7106 101.7106 101.7106 101.7106 101.7106 101.7106 101.7106 101.7106 101.7106 96.17647 96.17647 96.17647 96.17647 91.94319 91.94319 91.94319 91.94319 91.94319 91.94319 91.206894 91.206894 91.206894 91.206894 91.206894 91.206894
116.41667 116.41667 116.41667 116.41667 116.41667 116.41667 116.41667 116.41667 115.97478 115.97478 115.97478 115.97478 115.97478 110.66355 110.66355 110.66355 110.66355 110.66355 110.66355 110.66355 110.66355 109.15565 109.15565 109.15565 109.15565 109.15565 106.11857 106.11857 106.11857 106.11857 104.66381 104.66381 104.66381 104.66381 104.66381 101.7106 101.7106 101.7106 101.7106 101.7106 101.7106 101.7106 101.7106 101.7106 101.7106 96.17647 96.17647 96.17647 91.94319 91.94319 91.94319 91.94319 91.94319 91.94319 91.94319 91.94319 91.206894 91.206894 91.206894 91.206894 87.14286
116.41667 116.41667 116.41667 116.41667 116.41667 116.41667 116.41667 115.97478 115.97478 115.97478 115.97478 115.97478 115.97478 115.97478 110.66355 110.66355 110.66355 110.66355 110.66355 110.66355 110.66355 109.15565 109.15565 109.15565 109.15565 106.11857 106.11857 106.11857 106.11857 106.11857 104.66381 104.66381 104.66381 104.66381 104.66381 101.7106 101.7106 101.7106 101.7106 101.7106 101.7106 101.7106 101.7106 101.7106 101.7106 101.7106 91.87229 91.87229 91.94319 91.94319 91.94319 91.94319 91.94319 91.94319 91.94319 91.94319 91.94319 91.206894 91.206894 91.206894 87.14286
116.41667 116.41667 116.41667 116.41667 116.41667 116.41667 115.97478 115.97478 115.97478 115.97478 115.97478 115.97478 115.97478 115.97478 110.66355 110.66355 110.66355 110.66355 110.66355 110.66355 110.66355 109.15565 109.15565 109.15565 109.15565 106.11857 106.11857 106.11857 106.11857 106.11857 104.66381 104.66381 104.66381 104.66381 104.66381 104.66381 101.7106 101.7106 101.7106 101.7106 101.7106 101.7106 101.7106 101.7106 101.7106 91.87229 91.87229 91.87229 91.87229 91.87229 91.94319 91.94319 91.94319 91.94319 91.94319 91.94319 91.94319 91.94319 91.206894 91.206894 87.14286
116.41667 116.41667 116.41667 116.41667 116.41667 115.97478 115.97478 115.97478 115.97478 115.97478 115.97478 115.97478 115.97478 115.97478 110.66355 110.66355 110.66355 110.66355 110.66355 110.66355 110.66355 110.66355 109.15565 109.15565 109.15565 106.11857 106.11857 106.11857 106.11857 106.11857 106.11857 104.66381 104.66381 104.66381 104.66381 104.66381 101.7106 101.7106 101.7106 101.7106 101.7106 101.7106 101.7106 101.7106 101.7106 91.87229 91.87229 91.87229 91.87229 91.87229 91.87229 91.87229 91.94319 91.94319 91.94319 91.94319 91.94319 91.94319 91.94319 87.14286 87.14286
121.60714 116.41667 116.41667 116.41667 115.97478 115.97478 115.97478 115.97478 115.97478 115.97478 115.97478 115.97478 115.97478 115.97478 110.66355 110.66355 110.66355 110.66355 110.66355 110.66355 110.66355 110.66355 109.15565 109.15565 106.11857 106.11857 106.11857 106.11857 106.11857 106.11857 106.11857 104.66381 104.66381 104.66381 104.66381 104.66381 104.66381 101.7106 101.7106 101.7106 101.7106 101.7106 101.7106 101.7106 91.87229 91.87229 91.87229 91.87229 91.87229 91.87229 91.87229 91.87229 91.87229 91.94319 91.94319 91.94319 91.94319 91.94319 91.94319 87.14286 87.14286
121.60714 121.60714 116.41667 116.41667 115.97478 115.97478 115.97478 115.97478 115.97478 115.97478 115.97478 115.97478 115.97478 115.97478 115.97478 110.66355 110.66355 110.66355 110.66355 110.66355 110.66355 110.66355 109.15565 109.15565 106.11857 106.11857 106.11857 106.11857 106.11857 106.11857 106.11857 104.66381 104.66381 104.66381 104.66381 104.66381 104.66381 101.7106 101.7106 101.7106 101.7106 96.06383 96.06383 96.06383 91.87229 91.87229 91.87229 91.87229 91.87229 91.87229 91.87229 91.87229 91.87229 90.802414 90.802414 90.802414 90.802414 90.802414 91.94319 85.42857 85.42857
121.60714 121.60714 121.60714 115.97478 115.97478 115.97478 115.97478 115.97478 115.97478 115.97478 115.97478 115.97478 115.97478 115.97478 111.52542 111.52542 110.66355 110.66355 110.66355 110.66355 110.66355 110.66355 110.66355 109.15565 106.11857 106.11857 106.11857 106.11857 106.11857 106.11857 106.11857 106.11857 104.66381 104.66381 104.66381 104.66381 104.66381 96.06383 96.06383 96.06383 96.06383 96.06383 96.06383 96.06383 96.06383 91.87229 91.87229 91.87229 91.87229 91.87229 91.87229 91.87229 91.87229 90.802414 90.802414 90.802414 90.802414 90.802414 90.802414 85.42857 85.42857
121.60714 121.60714 121.60714 115.97478 115.97478 115.97478 115.97478 115.97478 115.97478 115.97478 115.97478 115.97478 115.97478 111.52542 111.52542 111.52542 111.52542 111.52542 111.52542 111.52542 110.66355 110.66355 110.66355 106.11857 106.11857 106.11857 106.11857 106.11857 106.11857 106.11857 106.11857 106.11857 104.66381 104.66381 104.66381 104.66381 96.06383 96.06383 96.06383 96.06383 96.06383 96.06383 96.06383 96.06383 96.06383 91.87229 91.87229 91.87229 91.87229 91.87229 91.87229 91.87229 91.87229 90.802414 90.802414 90.802414 90.802414 90.802414 90.802414 85.42857 85.42857
121.60714 121.60714 121.60714 121.60714 115.97478 115.97478 115.97478 115.97478 115.97478 115.97478 115.97478 115.97478 111.52542 111.52542 111.52542 111.52542 111.52542 111.52542 111.52542 111.52542 111.52542 111.52542 105.2381 105.2381 105.2381 105.2381 105.2381 106.11857 106.11857 106.11857 106.11857 106.11857 104.66381 104.66381 104.66381 96.06383 96.06383 96.06383 96.06383 96.06383 96.06383 96.06383 96.06383 96.06383 96.06383 96.06383 91.87229 91.87229 91.87229 91.87229 91.87229 91.87229 91.87229 90.802414 90.802414 90.802414 90.802414 90.802414 90.802414 85.42857 85.42857
121.60714 121.60714 121.60714 121.60714 117.35294 115.97478 115.97478 115.97478 115.97478 115.97478 115.97478 111.52542 111.52542 111.52542 111.52542 111.52542 111.52542 111.52542 111.52542 111.52542 111.52542 111.52542 105.2381 105.2381 105.2381 105.2381 105.2381 105.2381 105.2381 105.2381 105.2381 106.11857 106.11857 96.06383 96.06383 96.06383 96.06383 96.06383 96.06383 96.06383 96.06383 96.06383 96.06383 96.06383 96.06383 96.06383 91.87229 91.87229 91.87229 91.87229 91.87229 91.87229 91.87229 90.802414 90.802414 90.802414 90.802414 90.802414 90.802414 90.802414 85.42857
122.07547 122.07547 122.07547 117.35294 117.35294 117.35294 117.35294 117.35294 117.35294 115.97478 111.52542 111.52542 111.52542 111.52542 111.52542 111.52542 111.52542 111.52542 111.52542 111.52542 111.52542 111.52542 105.2381 105.2381 105.2381 105.2381 105.2381 105.2381 105.2381 105.2381 105.2381 105.2381 105.2381 96.06383 96.06383 96.06383 96.06383 96.06383 96.06383 96.06383 96.06383 96.06383 96.06383 96.06383 96.06383 96.06383 96.06383 91.87229 91.87229 91.87229 91.87229 91.87229 91.87229 90.802414 90.802414 90.802414 90.802414 90.802414 90.802414 90.802414 85.42857
122.07547 122.07547 117.35294 117.35294 117.35294 117.35294 117.35294 117.35294 117.35294 117.35294 111.78571 111.78571 111.52542 111.52542 111.52542 111.52542 111.52542 111.52542 111.52542 111.52542 111.52542 105.2381 105.2381 105.2381 105.2381 105.2381 105.2381 105.2381 105.2381 105.2381 105.2381 105.2381 105.2381 96.06383 96.06383 96.06383 96.06383 96.06383 96.06383 96.06383 96.06383 96.06383 96.06383 96.06383 96.06383 96.06383 96.06383 91.87229 91.87229 91.87229 91.87229 91.87229 91.87229 90.802414 90.802414 90.802414 90.802414 90.802414 90.802414 90.802414 85.42857
122.07547 122.07547 117.35294 117.35294 117.35294 117.35294 117.35294 117.35294 117.35294 117.35294 111.78571 111.78571 111.78571 111.78571 111.52542 111.52542 111.52542 111.52542 111.52542 111.52542 111.52542 105.2381 105.2381 105.2381 105.2381 105.2381 105.2381 105.2381 105.2381 105.2381 105.2381 105.2381 105.2381 96.06383 96.06383 96.06383 96.06383 96.06383 96.06383 96.06383 96.06383 96.06383 96.06383 96.06383 96.06383 96.06383 96.06383 96.06383 91.87229 91.87229 91.87229 91.87229 91.87229 90.802414 90.802414 90.802414 90.802414 90.802414 90.802414 90.802414 85.42857
122.07547 122.07547 117.35294 117.35294 117.35294 117.35294 117.35294 117.35294 117.35294 117.35294 111.78571 111.78571 111.78571 111.78571 111.78571 111.78571 111.52542 111.52542 111.52542 111.52542 111.52542 105.2381 105.2381 105.2381 105.2381 105.2381 105.2381 105.2381 105.2381 105.2381 105.2381 105.2381 96.25 96.25 96.06383 96.06383 96.06383 96.06383 96.06383 96.06383 96.06383 96.06383 96.06383 96.06383 96.06383 96.06383 96.06383 86.447365 86.447365 86.447365 86.447365 86.447365 86.447365 85.333336 85.333336 85.333336 85.333336 85.333336 85.333336 85.333336 90.802414
122.07547 117.35294 117.35294 117.35294 117.35294 117.35294 117.35294 117.35294 117.35294 117.35294 111.78571 111.78571 111.78571 111.78571 111.78571 111.78571 111.78571 111.78571 111.52542 111.52542 111.52542 105.2381 105.2381 105.2381 105.2381 105.2381 105.2381 105.2381 105.2381 105.2381 105.2381 105.2381 96.25 96.25 96.25 96.25 96.06383 96.06383 96.06383 96.06383 96.06383 96.06383 96.06383 96.06383 96.06383 93.75 93.75 86.447365 86.447365 86.447365 86.447365 86.447365 86.447365 85.333336 85.333336 85.333336 85.333336 85.333336 85.333336 85.333336 76.15385
122.07547 117.35294 117.35294 117.35294 117.35294 117.35294 117.35294 117.35294 117.35294 117.35294 117.35294 111.78571 111.78571 111.78571 111.78571 111.78571 111.78571 111.78571 111.78571 111.78571 111.52542 105.2381 105.2381 105.2381 105.2381 105.2381 105.2381 105.2381 105.2381 105.2381 105.2381 96.25 96.25 96.25 96.25 96.25 96.25 96.06383 96.06383 96.06383 96.06383 93.75 93.75 93.75 93.75 93.75 93.75 86.447365 86.447365 86.447365 86.447365 86.447365 86.447365 85.333336 85.333336 85.333336 85.333336 85.333336 85.333336 85.333336 76.15385
122.07547 117.35294 117.35294 117.35294 117.35294 117.35294 117.35294 117.35294 117.35294 117.35294 117.35294 111.78571 111.78571 111.78571 111.78571 111.78571 111.78571 111.78571 111.78571 111.78571 111.78571 105.2381 105.2381 105.2381 105.2381 105.2381 105.2381 105.2381 105.2381 105.2381 105.2381 96.25 96.25 96.25 96.25 96.25 96.25 96.25 93.75 93.75 93.75 93.75 93.75 93.75 93.75 93.75 93.75 86.447365 86.447365 86.447365 86.447365 86.447365 86.447365 85.333336 85.333336 85.333336 85.333336 85.333336 85.333336 85.333336 76.15385
117.35294 117.35294 117.35294 117.35294 117.35294 117.35294 117.35294 117.35294 117.35294 117.35294 117.35294 111.78571 111.78571 111.78571 111.78571 111.78571 111.78571 111.78571 111.78571 111.78571 111.78571 105.2381 105.2381 105.2381 105.2381 105.2381 105.2381 105.2381 105.2381 105.2381 96.25 96.25 96.25 96.25 96.25 96.25 96.25 96.25 93.75 93.75 93.75 93.75 93.75 93.75 93.75 93.75 93.75 86.447365 86.447365 86.447365 86.447365 86.447365 86.447365 85.333336 85.333336 85.333336 85.333336 85.333336 85.333336 76.92308 76.15385
117.35294 117.35294 117.35294 117.35294 117.35294 117.35294 117.35294 117.35294 117.35294 117.35294 117.35294 111.78571 111.78571 111.78571 111.78571 111.78571 111.78571 111.78571 111.78571 111.78571 111.78571 105.2381 105.2381 105.2381 105.2381 105.2381 105.2381 105.2381 105.2381 105.2381 96.25 96.25 96.25 96.25 96.25 96.25 96.25 96.25 93.75 93.75 93.75 93.75 93.75 93.75 93.75 93.75 86.447365 86.447365 86.447365 86.447365 86.447365 86.447365 86.447365 85.333336 85.333336 85.333336 85.333336 85.333336 85.333336 76.92308 76.92308
120.23256 118.29787 118.29787 117.35294 117.35294 117.35294 117.35294 117.35294 117.35294 117.35294 110.8 110.8 110.8 110.8 110.8 110.8 110.8 110.8 110.8 110.8 111.78571 105.2381 105.2381 105.2381 105.2381 105.2381 105.2381 105.2381 105.2381 96.25 96.25 96.25 96.25 96.25 96.25 96.25 96.25 96.25 96.25 93.75 93.75 93.75 93.75 93.75 93.75 93.75 86.447365 86.447365 86.447365 86.447365 86.447365 86.447365 86.447365 85.333336 85.333336 85.333336 85.333336 85.333336 76.92308 76.92308 76.92308
120.23256 118.29787 118.29787 118.29787 118.29787 118.29787 117.35294 117.35294 117.35294 110.8 110.8 110.8 110.8 110.8 110.8 110.8 110.8 110.8 110.8 110.8 110.8 105.2381 105.2381 105.2381 105.2381 105.2381 105.2381 105.2381 105.2381 96.25 96.25 96.25 96.25 96.25 96.25 96.25 96.25 96.25 96.25 93.75 93.75 93.75 93.75 93.75 93.75 84.28571 84.28571 84.28571 86.447365 86.447365 86.447365 86.447365 86.447365 85.333336 85.333336 85.333336 85.333336 76.92308 76.92308 76.92308 76.92308
120.23256 118.29787 118.29787 118.29787 118.29787 118.29787 118.29787 118.29787 110.8 110.8 110.8 110.8 110.8 110.8 110.8 110.8 110.8 110.8 110.8 110.8 110.8 110.8 105.2381 105.2381 105.2381 105.2381 105.2381 105.2381 96.25 96.25 96.25 96.25 96.25 96.25 96.25 96.25 96.25 96.25 96.25 93.75 93.75 93.75 93.75 93.75 84.28571 84.28571 84.28571 84.28571 84.28571 84.28571 86.447365 86.447365 86.447365 85.333336 85.333336 85.333336 85.333336 76.92308 76.92308 76.92308 76.92308
120.23256 118.29787 118.29787 118.29787 118.29787 118.29787 118.29787 118.29787 110.8 110.8 110.8 110.8 110.8 110.8 110.8 110.8 110.8 110.8 110.8 110.8 110.8 110.8 110.8 105.2381 105.2381 105.2381 105.2381 105.2381 96.25 96.25 96.25 96.25 96.25 96.25 96.25 96.25 96.25 96.25 96.25 96.25 93.75 93.75 93.75 84.28571 84.28571 84.28571 84.28571 84.28571 84.28571 84.28571 84.28571 84.28571 86.447365 85.333336 85.333336 85.333336 76.92308 76.92308 76.92308 76.92308 76.92308
