nn.asc
NCOLS 250
NROWS 250
XLLCORNER 2.0
YLLCORNER 3.0
CELLSIZE 1.0
NODATA_VALUE -9999
[rows 54 to 80 of 250, columns 124 to 185 of 250]
107.40498 107.40498 107.40498 107.40498 106.25 106.25 106.25 106.25 96.5 96.5 96.5 96.5 96.5 96.5 96.5 96.5 96.5 92.06897 92.06897 92.06897 92.06897 92.06897 79.67742 79.67742 79.67742 79.67742 79.67742 79.67742 79.67742 79.67742 79.67742 79.67742 79.67742 75.5 75.5 69.28571 69.28571 69.28571 69.28571 69.28571 69.28571 69.28571 69.28571 65.625 65.625 65.625 58.636364 58.636364 58.636364 58.636364 58.636364 54.036285 54.036285 54.036285 54.036285 54.036285 54.036285 50.454544 50.454544 50.0 50.0 50.0
107.40498 107.40498 106.25 106.25 106.25 106.25 106.25 106.25 96.5 96.5 96.5 96.5 96.5 96.5 96.5 96.5 96.5 92.06897 92.06897 92.06897 92.06897 92.06897 79.67742 79.67742 79.67742 79.67742 79.67742 79.67742 79.67742 79.67742 79.67742 79.67742 75.5 75.5 75.5 75.5 69.28571 69.28571 69.28571 69.28571 69.28571 69.28571 69.28571 69.28571 65.625 65.625 58.636364 58.636364 58.636364 58.636364 54.036285 54.036285 54.036285 54.036285 54.036285 54.036285 54.036285 54.036285 50.0 50.0 50.0 50.0
106.25 106.25 106.25 106.25 106.25 106.25 106.25 106.25 96.5 96.5 96.5 96.5 96.5 96.5 96.5 96.5 92.06897 92.06897 92.06897 92.06897 92.06897 92.06897 85.5 79.67742 79.67742 79.67742 79.67742 79.67742 79.67742 79.67742 79.67742 79.67742 75.5 75.5 75.5 75.5 75.5 69.28571 69.28571 69.28571 69.28571 69.28571 69.28571 69.28571 69.28571 65.625 58.636364 58.636364 58.636364 54.036285 54.036285 54.036285 54.036285 54.036285 54.036285 54.036285 54.036285 54.036285 52.542263 52.542263 50.0 50.0
106.25 106.25 106.25 106.25 106.25 106.25 106.25 106.25 96.5 96.5 96.5 96.5 96.5 96.5 96.5 96.5 92.06897 92.06897 92.06897 92.06897 92.06897 85.5 85.5 85.5 79.67742 79.67742 79.67742 79.67742 79.67742 79.67742 79.67742 75.5 75.5 75.5 75.5 75.5 75.5 69.28571 69.28571 69.28571 69.28571 69.28571 69.28571 69.28571 69.28571 69.28571 58.636364 58.636364 54.036285 54.036285 54.036285 54.036285 54.036285 54.036285 54.036285 54.036285 54.036285 54.036285 52.542263 52.542263 52.542263 52.542263
106.25 106.25 106.25 106.25 106.25 106.25 106.25 106.25 96.5 96.5 96.5 96.5 96.5 96.5 96.5 92.06897 92.06897 92.06897 92.06897 92.06897 92.06897 85.5 85.5 85.5 85.5 79.67742 79.67742 79.67742 79.67742 79.67742 75.5 75.5 75.5 75.5 75.5 75.5 75.5 75.5 69.28571 69.28571 69.28571 69.28571 69.28571 69.28571 69.28571 69.28571 69.28571 59.113987 54.036285 54.036285 54.036285 54.036285 54.036285 54.036285 54.036285 54.036285 54.036285 52.542263 52.542263 52.542263 52.542263 52.542263
106.25 106.25 106.25 106.25 106.25 106.25 106.25 96.5 96.5 96.5 96.5 96.5 96.5 96.5 96.5 92.06897 92.06897 92.06897 92.06897 92.06897 92.06897 85.5 85.5 85.5 85.5 85.5 79.67742 79.67742 79.67742 79.67742 75.5 75.5 75.5 75.5 75.5 75.5 75.5 75.5 75.5 69.28571 69.28571 69.28571 69.28571 69.28571 69.28571 69.28571 59.113987 59.113987 59.113987 59.113987 54.036285 54.036285 54.036285 54.036285 54.036285 54.036285 54.036285 52.542263 52.542263 52.542263 52.542263 52.542263
106.25 106.25 106.25 106.25 106.25 106.25 106.25 96.5 96.5 96.5 96.5 96.5 96.5 96.5 96.5 92.06897 92.06897 92.06897 92.06897 92.06897 85.5 85.5 85.5 85.5 85.5 85.5 85.5 79.67742 79.67742 75.5 75.5 75.5 75.5 75.5 75.5 75.5 75.5 75.5 75.5 69.28571 69.28571 69.28571 69.28571 69.28571 69.28571 59.113987 59.113987 59.113987 59.113987 59.113987 59.113987 59.113987 54.036285 54.036285 54.036285 54.036285 52.542263 52.542263 52.542263 52.542263 52.542263 52.542263
110.83333 106.25 106.25 106.25 106.25 106.25 106.25 96.5 96.5 96.5 96.5 96.5 96.5 96.5 96.5 92.06897 92.06897 92.06897 92.06897 92.06897 85.5 85.5 85.5 85.5 85.5 85.5 85.5 85.5 75.5 75.5 75.5 75.5 75.5 75.5 75.5 75.5 75.5 75.5 75.5 75.5 69.28571 69.28571 69.28571 69.28571 59.113987 59.113987 59.113987 59.113987 59.113987 59.113987 59.113987 59.113987 59.113987 59.113987 54.036285 54.036285 52.542263 52.542263 52.542263 52.542263 52.542263 52.542263
110.83333 106.25 106.25 106.25 106.25 106.25 106.25 96.5 96.5 96.5 96.5 96.5 96.5 96.5 92.06897 92.06897 92.06897 92.06897 92.06897 92.06897 85.5 85.5 85.5 85.5 85.5 85.5 85.5 85.5 85.5 75.5 75.5 75.5 75.5 75.5 75.5 75.5 75.5 75.5 75.5 75.5 75.5 69.28571 69.28571 59.113987 59.113987 59.113987 59.113987 59.113987 59.113987 59.113987 59.113987 59.113987 59.113987 59.113987 59.113987 56.941856 56.941856 56.941856 56.941856 56.941856 56.941856 56.941856
110.83333 110.83333 106.25 106.25 106.25 106.25 106.25 96.5 96.5 96.5 96.5 96.5 96.5 96.5 92.06897 92.06897 92.06897 92.06897 92.06897 85.5 85.5 85.5 85.5 85.5 85.5 85.5 85.5 85.5 85.5 75.5 75.5 75.5 75.5 75.5 75.5 75.5 75.5 75.5 75.5 75.5 69.3421 69.3421 69.3421 59.113987 59.113987 59.113987 59.113987 59.113987 59.113987 59.113987 59.113987 59.113987 59.113987 59.113987 59.113987 56.941856 56.941856 56.941856 56.941856 56.941856 56.941856 56.941856
110.83333 110.83333 106.25 106.25 102.77778 102.77778 102.77778 102.77778 102.77778 96.5 96.5 96.5 96.5 96.5 92.06897 92.06897 92.06897 92.06897 92.06897 85.5 85.5 85.5 85.5 85.5 85.5 85.5 85.5 85.5 85.5 75.5 75.5 75.5 75.5 75.5 75.5 75.5 75.5 75.5 75.5 69.3421 69.3421 69.3421 69.3421 59.113987 59.113987 59.113987 59.113987 59.113987 59.113987 59.113987 59.113987 59.113987 59.113987 59.113987 59.113987 59.113987 56.941856 56.941856 56.941856 56.941856 56.941856 56.941856
110.83333 110.83333 102.77778 102.77778 102.77778 102.77778 102.77778 102.77778 102.77778 102.77778 96.5 96.5 96.5 96.5 92.06897 92.06897 92.06897 92.06897 92.06897 85.5 85.5 85.5 85.5 85.5 85.5 85.5 85.5 85.5 85.5 85.5 75.5 75.5 75.5 75.5 75.5 75.5 75.5 69.3421 69.3421 69.3421 69.3421 69.3421 69.3421 69.3421 59.113987 59.113987 59.113987 59.113987 59.113987 59.113987 59.113987 59.113987 59.113987 59.113987 59.113987 59.113987 56.941856 56.941856 56.941856 56.941856 56.941856 56.941856
108.33333 108.33333 102.77778 102.77778 102.77778 102.77778 102.77778 102.77778 102.77778 102.77778 102.77778 102.77778 90.55556 90.55556 90.55556 90.55556 90.55556 90.55556 90.55556 85.5 85.5 85.5 85.5 85.5 85.5 85.5 85.5 85.5 85.5 85.5 75.5 75.5 75.5 75.5 75.5 75.5 69.3421 69.3421 69.3421 69.3421 69.3421 69.3421 69.3421 69.3421 69.3421 59.113987 59.113987 59.113987 59.113987 59.113987 59.113987 59.113987 59.113987 59.113987 59.113987 59.113987 56.941856 56.941856 56.941856 56.941856 56.941856 56.941856
108.33333 108.33333 108.33333 102.77778 102.77778 102.77778 102.77778 102.77778 102.77778 102.77778 102.77778 102.77778 90.55556 90.55556 90.55556 90.55556 90.55556 90.55556 90.55556 90.55556 90.55556 85.5 85.5 85.5 85.5 85.5 85.5 85.5 85.5 85.5 75.5 75.5 75.5 74.625 74.625 74.625 69.3421 69.3421 69.3421 69.3421 69.3421 69.3421 69.3421 69.3421 69.3421 69.3421 59.113987 59.113987 59.113987 59.113987 59.113987 59.113987 59.113987 59.113987 59.113987 65.005684 65.005684 56.941856 56.941856 56.941856 56.941856 56.941856
108.33333 108.33333 108.33333 102.77778 102.77778 102.77778 102.77778 102.77778 102.77778 102.77778 102.77778 102.77778 90.55556 90.55556 90.55556 90.55556 90.55556 90.55556 90.55556 90.55556 90.55556 90.55556 90.55556 85.5 85.5 85.5 85.5 85.5 85.5 85.5 74.625 74.625 74.625 74.625 74.625 74.625 69.3421 69.3421 69.3421 69.3421 69.3421 69.3421 69.3421 69.3421 69.3421 69.3421 69.3421 59.113987 59.113987 59.113987 59.113987 59.113987 59.113987 59.113987 65.005684 65.005684 65.005684 65.005684 65.005684 65.005684 65.625 65.625
108.33333 108.33333 108.33333 102.77778 102.77778 102.77778 102.77778 102.77778 102.77778 102.77778 102.77778 102.77778 90.55556 90.55556 90.55556 90.55556 90.55556 90.55556 90.55556 90.55556 90.55556 90.55556 90.55556 90.55556 85.5 85.5 85.5 85.5 85.5 74.625 74.625 74.625 74.625 74.625 74.625 74.625 74.625 69.3421 69.3421 69.3421 69.3421 69.3421 69.3421 69.3421 69.3421 69.3421 69.3421 59.113987 59.113987 59.113987 59.113987 59.113987 59.113987 65.005684 65.005684 65.005684 65.005684 65.005684 65.005684 65.005684 65.625 65.625
108.33333 108.33333 108.33333 102.77778 102.77778 102.77778 102.77778 102.77778 102.77778 102.77778 102.77778 102.77778 90.55556 90.55556 90.55556 90.55556 90.55556 90.55556 90.55556 90.55556 90.55556 90.55556 90.55556 90.55556 90.55556 90.55556 85.5 85.5 74.625 74.625 74.625 74.625 74.625 74.625 74.625 74.625 74.625 74.625 69.3421 69.3421 69.3421 69.3421 69.3421 69.3421 69.3421 69.3421 69.3421 69.3421 59.113987 59.113987 59.113987 59.113987 65.005684 65.005684 65.005684 65.005684 65.005684 65.005684 65.005684 65.005684 65.625 65.625
108.33333 108.33333 108.33333 102.77778 102.77778 102.77778 102.77778 102.77778 102.77778 102.77778 102.77778 93.888885 90.55556 90.55556 90.55556 90.55556 90.55556 90.55556 90.55556 90.55556 90.55556 90.55556 90.55556 90.55556 90.55556 90.55556 90.55556 80.875 80.875 74.625 74.625 74.625 74.625 74.625 74.625 74.625 74.625 74.625 69.3421 69.3421 69.3421 69.3421 69.3421 69.3421 69.3421 69.3421 69.3421 69.3421 69.3421 59.113987 59.113987 65.005684 65.005684 65.005684 65.005684 65.005684 65.005684 65.005684 65.005684 65.005684 65.625 65.625
108.33333 108.33333 108.33333 108.33333 102.77778 102.77778 102.77778 102.77778 102.77778 102.77778 102.77778 93.888885 93.888885 93.888885 90.55556 90.55556 90.55556 90.55556 90.55556 90.55556 90.55556 90.55556 90.55556 90.55556 90.55556 90.55556 86.55556 80.875 80.875 80.875 74.625 74.625 74.625 74.625 74.625 74.625 74.625 74.625 74.625 69.3421 69.3421 69.3421 69.3421 69.3421 69.3421 69.3421 69.3421 69.3421 69.3421 72.77778 72.77778 65.005684 65.005684 65.005684 65.005684 65.005684 65.005684 65.005684 65.005684 65.005684 65.625 65.625
108.33333 108.33333 108.33333 108.33333 102.77778 102.77778 102.77778 102.77778 102.77778 102.77778 93.888885 93.888885 93.888885 93.888885 93.888885 90.55556 90.55556 90.55556 90.55556 90.55556 90.55556 90.55556 90.55556 90.55556 86.55556 86.55556 86.55556 80.875 80.875 80.875 80.875 74.625 74.625 74.625 74.625 74.625 74.625 74.625 74.625 69.3421 69.3421 69.3421 69.3421 69.3421 69.3421 69.3421 69.3421 69.3421 72.77778 72.77778 72.77778 72.77778 65.005684 65.005684 65.005684 65.005684 65.005684 65.005684 65.005684 65.005684 65.625 65.625
108.33333 108.33333 108.33333 108.33333 102.77778 102.77778 102.77778 102.77778 102.77778 93.888885 93.888885 93.888885 93.888885 93.888885 93.888885 93.888885 90.55556 90.55556 90.55556 90.55556 90.55556 90.55556 90.55556 86.55556 86.55556 86.55556 86.55556 80.875 80.875 80.875 80.875 80.875 74.625 74.625 74.625 74.625 74.625 74.625 74.625 74.625 69.3421 69.3421 69.3421 69.3421 69.3421 69.3421 69.3421 72.77778 72.77778 72.77778 72.77778 72.77778 72.77778 65.005684 65.005684 65.005684 65.005684 65.005684 65.005684 65.005684 65.625 65.625
108.33333 108.33333 108.33333 108.33333 101.66667 101.66667 101.66667 101.66667 101.66667 101.66667 93.888885 93.888885 93.888885 93.888885 93.888885 93.888885 93.888885 90.55556 90.55556 90.55556 90.55556 90.55556 86.55556 86.55556 86.55556 86.55556 86.55556 80.875 80.875 80.875 80.875 80.875 74.625 74.625 74.625 74.625 74.625 74.625 74.625 74.625 74.625 69.3421 69.3421 69.3421 69.3421 69.3421 69.3421 72.77778 72.77778 72.77778 72.77778 72.77778 72.77778 72.77778 65.005684 65.005684 65.005684 65.005684 65.005684 65.005684 65.625 65.625
108.33333 108.33333 108.33333 101.66667 101.66667 101.66667 101.66667 101.66667 101.66667 101.66667 93.888885 93.888885 93.888885 93.888885 93.888885 93.888885 93.888885 93.888885 93.888885 90.55556 90.55556 86.55556 86.55556 86.55556 86.55556 86.55556 86.55556 86.55556 80.875 80.875 80.875 80.875 80.875 74.625 74.625 74.625 74.625 74.625 74.625 74.625 74.625 69.3421 69.3421 69.3421 69.3421 69.3421 72.77778 72.77778 72.77778 72.77778 72.77778 72.77778 72.77778 72.77778 72.77778 65.005684 65.005684 65.005684 65.005684 72.91306 72.91306 72.91306
108.33333 108.33333 101.66667 101.66667 101.66667 101.66667 101.66667 101.66667 101.66667 101.66667 101.66667 93.888885 93.888885 93.888885 93.888885 93.888885 93.888885 93.888885 93.888885 86.55556 86.55556 86.55556 86.55556 86.55556 86.55556 86.55556 86.55556 86.55556 80.875 80.875 80.875 80.875 80.875 80.875 74.625 74.625 74.625 74.625 74.625 74.625 74.625 74.625 69.3421 69.3421 69.3421 72.77778 72.77778 72.77778 72.77778 72.77778 72.77778 72.77778 72.77778 72.77778 72.77778 76.111115 76.111115 76.111115 72.91306 72.91306 72.91306 72.91306
113.05556 101.66667 101.66667 101.66667 101.66667 101.66667 101.66667 101.66667 101.66667 101.66667 101.66667 93.888885 93.888885 93.888885 93.888885 93.888885 93.888885 93.888885 93.888885 86.55556 86.55556 86.55556 86.55556 86.55556 86.55556 86.55556 86.55556 86.55556 80.875 80.875 80.875 80.875 80.875 80.875 80.875 74.625 74.625 74.625 74.625 74.625 74.625 74.625 69.3421 69.3421 72.77778 72.77778 72.77778 72.77778 72.77778 72.77778 72.77778 72.77778 72.77778 72.77778 72.77778 76.111115 76.111115 76.111115 72.91306 72.91306 72.91306 72.91306
106.11111 101.66667 101.66667 101.66667 101.66667 101.66667 101.66667 101.66667 101.66667 101.66667 101.66667 93.888885 93.888885 93.888885 93.888885 93.888885 93.888885 93.888885 86.55556 86.55556 86.55556 86.55556 86.55556 86.55556 86.55556 86.55556 86.55556 86.55556 80.875 80.875 80.875 80.875 80.875 80.875 80.875 80.875 74.625 74.625 74.625 74.625 74.625 74.625 74.625 72.77778 72.77778 72.77778 72.77778 72.77778 72.77778 72.77778 72.77778 72.77778 72.77778 72.77778 76.111115 76.111115 76.111115 76.111115 76.111115 72.91306 72.91306 72.91306
106.11111 106.11111 106.11111 101.66667 101.66667 101.66667 101.66667 101.66667 101.66667 101.66667 101.66667 99.5 93.888885 93.888885 93.888885 93.888885 93.888885 93.888885 86.55556 86.55556 86.55556 86.55556 86.55556 86.55556 86.55556 86.55556 86.55556 86.55556 80.875 80.875 80.875 80.875 80.875 80.875 80.875 80.875 80.875 74.625 74.625 74.625 74.625 74.625 74.625 75.0 75.0 75.0 75.0 75.0 75.0 75.0 75.0 75.0 75.0 76.111115 76.111115 76.111115 76.111115 76.111115 76.111115 72.91306 72.91306 72.91306
