tin.asc
NCOLS 250
NROWS 250
XLLCORNER 2.0
YLLCORNER 3.0
CELLSIZE 1.0
NODATA_VALUE -9999
[rows 80 to 99 of 250, columns 45 to 89 of 250]
113.61839904867256 114.06710278688524 114.30068322404372 114.7063994871795 115.17704770270271 115.70056932432432 116.22409094594595 116.74761256756756 117.27113418918918 117.77456571428573 118.25790714285715 118.74124857142857 119.22459 119.70793142857144 120.18288055555556 120.63265277777779 121.082425 121.49178166666667 121.90113833333334 122.310495 122.71985166666666 123.12798866666667 123.534906 123.925 124.2511176923077 124.57641142857143 124.90033190476191 125.24418571428572 125.59302285714284 125.94186 126.2928775 126.65915749999999 127.02543750000001 127.3917175 127.61815677419355 127.76069161290322 127.90322645161288 128.0457612903226 128.18829612903227 128.3341477894737 128.4932667368421 128.65238568421051 128.7902661111111 128.88870357142855 128.89952166666666
114.27850464480873 114.51208508196721 114.7456655191257 115.1896341880342 115.65272905982906 116.12841283783784 116.65193445945947 117.17545608108108 117.6989777027027 118.22249932432433 118.74602094594594 119.26954256756757 119.79306418918918 120.29649571428571 120.77983714285716 121.23800166666668 121.64735833333333 122.056715 122.46607166666666 122.87542833333333 123.284785 123.69414166666667 124.10349833333333 124.51163533333333 124.8588038095238 125.1976742857143 125.54651142857142 125.89534857142857 126.2441857142857 126.59302285714286 126.9571225 127.3234025 127.6896825 128.0447059375 128.31122548387097 128.46150677419354 128.61178806451613 128.7620693548387 128.90847741935485 129.05101225806453 129.19354709677418 129.34271557894735 129.47452785714285 129.48534595238095 129.49616404761906
114.72348693989073 114.95706737704917 115.20977401709402 115.6728688888889 116.13596376068377 116.59905863247863 117.07977797297298 117.60329959459457 118.12682121621623 118.65034283783784 119.17386445945947 119.69738608108109 120.2209077027027 120.74442932432433 121.26795094594596 121.74775047619049 122.15710714285716 122.56646380952381 122.97582047619048 123.38517714285715 123.79453380952381 124.20389047619047 124.61324714285713 125.02260380952382 125.5 125.84883714285715 126.19767428571429 126.54651142857142 126.89534857142858 127.2550875 127.6213675 127.9838953125 128.32015781249999 128.6564203125 128.96943516129033 129.11971645161293 129.2699977419355 129.42027903225807 129.57056032258063 129.72084161290323 129.8711229032258 129.99786210526315 130.07117023809525 130.08198833333336 130.09280642857144
115.16846923497268 115.40204967213116 115.69300871794871 116.1561035897436 116.61919846153846 117.08229333333333 117.5453882051282 118.0311431081081 118.55466472972974 119.07818635135135 119.60170797297297 120.12522959459459 120.64875121621621 121.17227283783785 121.69579445945946 122.19188382352941 122.61167142857144 123.0210280952381 123.43038476190476 123.83974142857141 124.24909809523808 124.65845476190476 125.06781142857142 125.53474 126.01737000000001 126.5 126.84883714285715 127.19767428571429 127.5530525 127.9193325 128.2593471875 128.5956096875 128.9318721875 129.2681346875 129.6043971875 129.77792612903227 129.92820741935483 130.07848870967743 130.22877 130.34373815789473 130.45870631578947 130.5736744736842 130.66781261904762 130.6786307142857 130.6894488095238
115.61345153005465 115.84703196721311 116.17624341880342 116.63933829059829 117.10243316239317 117.56552803418805 118.02862290598291 118.49171777777778 118.98250824324325 119.50602986486487 120.02955148648648 120.55307310810811 121.07659472972973 121.60011635135137 122.12363797297297 122.61515529411767 123.0662357142857 123.47559238095238 123.88494904761905 124.29430571428571 124.70366238095238 125.11301904761903 125.56948 126.05211 126.53474 127.01737 127.5 127.85101750000001 128.1985365625 128.5347990625 128.8710615625 129.2073240625 129.5435865625 129.8798490625 130.2161115625 130.4361358064516 130.57464605263158 130.68961421052632 130.80458236842105 130.9195505263158 131.03451868421052 131.14948684210526 131.264455 131.27527309523808 131.2525381060606
116.05843382513662 116.29201426229507 116.65947811965813 117.12257299145298 117.58566786324786 118.04876273504274 118.5118576068376 118.97495247863247 119.43804735042735 119.93387337837837 120.457395 120.98091662162162 121.50443824324324 122.02795986486487 122.5514814864865 123.03842676470589 123.52080000000001 123.93015666666666 124.33951333333333 124.74887000000001 125.15822666666666 125.60422 126.08685 126.56948 127.05211 127.53474 127.97491006024096 128.38008819444443 128.71635069444443 129.05261319444443 129.38887569444444 129.72513819444444 130.06140069444444 130.39766319444442 130.73392569444445 131.04402011363635 131.15330170454544 131.26542657894737 131.3803947368421 131.49536289473684 131.61033105263158 131.72529921052632 131.84026736842105 131.87191547619048 131.78207431818183
116.50341612021856 116.73699655737705 117.14271282051283 117.6058076923077 118.06890256410256 118.53199743589744 118.99509230769229 119.45818717948718 119.92128205128205 120.38437692307693 120.88523851351351 121.40876013513513 121.93228175675675 122.45580337837838 122.979325 123.46169823529414 123.94407147058823 124.38472095238095 124.79407761904761 125.2034342857143 125.63896 126.12159000000001 126.60422 127.08685000000001 127.51003608433736 127.92473018072289 128.3426806034483 128.80400208333333 129.14026458333333 129.47652708333334 129.81278958333334 130.14905208333334 130.48531458333335 130.82157708333332 131.15130651041667 131.47450286458334 131.75186034090908 131.8611419318182 131.9704235227273 132.07970511363635 132.18898670454547 132.30111157894737 132.4160797368421 132.43500477272727 132.12948841304348
116.94839841530055 117.18197885245903 117.62594752136752 118.0890423931624 118.55213726495728 119.01523213675213 119.478327008547 119.94142188034189 120.40451675213677 120.86761162393162 121.33070649572649 121.83660364864865 122.36012527027027 122.88364689189189 123.40259647058824 123.88496970588236 124.36734294117647 124.83928523809524 125.24864190476191 125.6737 126.15633 126.6304680120482 127.04516210843374 127.45985620481929 127.87455030120482 128.28924439759035 128.7332454310345 129.21957870689656 129.5641784722222 129.9004409722222 130.23670347222225 130.57296597222222 130.90922847222222 131.24331328125 131.56650963541665 131.88970598958332 132.21290234375 132.45970056818183 132.56898215909092 132.67826374999999 132.78754534090908 132.8968269318182 133.00610852272726 132.9293901304348 132.5458214347826
117.39338071038252 117.64608735042736 118.10918222222223 118.5722770940171 119.03537196581198 119.49846683760684 119.9615617094017 120.42465658119659 120.88775145299145 121.35084632478632 121.8139411965812 122.27703606837608 122.78796878378378 123.31149040540541 123.82586794117648 124.3082411764706 124.7906144117647 125.27298764705883 125.70844 126.16559403614458 126.58028813253011 126.99498222891567 127.4096763253012 127.82437042168675 128.2390645180723 128.65375861445781 129.1238102586207 129.61014353448275 129.98809236111111 130.32435486111112 130.66061736111112 130.9968798611111 131.33314236111113 131.65851640625 131.98171276041666 132.30490911458332 132.62810546875 132.95130182291666 133.16754079545456 133.27682238636362 133.3861039772727 133.49538556818183 133.5998362 133.553079 133.26523039130436
117.83836300546449 118.12932205128206 118.59241692307694 119.05551179487179 119.51860666666666 119.98170153846155 120.44479641025643 120.9078912820513 121.37098615384616 121.83408102564103 122.2971758974359 122.76027076923077 123.22336564102564 123.73933391891892 124.2491394117647 124.7315126470588 125.21388588235294 125.67653026315789 126.1154141566265 126.53010825301205 126.94480234939758 127.35949644578312 127.77419054216867 128.1888846385542 128.60357873493976 129.02804181034483 129.5143750862069 130.00070836206896 130.41200625 130.74826875 131.08453125 131.42079375 131.75052317708332 132.07371953125 132.3969158854167 132.72011223958333 133.04330859375 133.36650494791667 133.68970130208334 133.87538102272725 133.98466261363637 134.09394420454547 134.179071 134.16309357142856 133.91626785714286
118.28334530054646 118.61255675213675 119.07565162393162 119.5387464957265 120.00184136752137 120.46493623931623 120.92803111111111 121.39112598290598 121.85422085470086 122.31731572649574 122.7804105982906 123.24350547008547 123.70660034188033 124.16969521367521 124.67241088235293 125.13505526315791 125.57797078947368 126.02088631578947 126.46380184210525 126.89462246987951 127.30931656626507 127.7240106626506 128.13870475903613 128.55339885542168 128.96809295180722 129.41860663793102 129.9049399137931 130.39127318965518 130.8359201388889 131.1721826388889 131.50844513888887 131.84252994791666 132.16572630208333 132.48892265625 132.81211901041667 133.13531536458333 133.45851171875 133.78170807291667 134.10490442708334 134.42810078125 134.58322124999998 134.69250284090907 134.75830580000002 134.77310814285715 134.52628242857145
118.72832759562843 119.09579145299145 119.55888632478633 120.02198119658121 120.48507606837607 120.94817094017095 121.41126581196582 121.87436068376067 122.33745555555556 122.80055042735043 123.26364529914531 123.72674017094016 124.18983504273504 124.57501913043478 125.00647120689655 125.47941131578948 125.92232684210526 126.36524236842106 126.80815789473684 127.25107342105262 127.67383078313253 128.08852487951808 128.50321897590362 128.91791307228914 129.33260716867468 129.80917146551724 130.29550474137932 130.7818380172414 131.2598340277778 131.59609652777777 131.9323590277778 132.25773307291666 132.58092942708333 132.90412578125 133.22732213541667 133.55051848958334 133.87371484375 134.19691119791665 134.52010755208335 134.84330390625 135.16650026041665 135.2765686 135.3375406 135.38312271428572 135.136297
119.17330989071039 119.57902615384616 120.04212102564102 120.5052158974359 120.96831076923077 121.43140564102565 121.89450051282053 122.3575953846154 122.82069025641026 123.28378512820512 123.74688 124.09310869565218 124.43933739130433 124.80281553030304 125.21571663793102 125.73369362068965 126.25167060344828 126.70959842105265 127.15251394736842 127.59542947368419 128.038345 128.45303909638554 128.86773319277108 129.28242728915663 129.71340301724138 130.19973629310346 130.6860695689655 131.1724028448276 131.65873612068964 132.02001041666668 132.34973984375 132.67293619791667 132.99613255208334 133.31932890625 133.64252526041668 133.96572161458334 134.28891796874998 134.61211432291668 134.9407043888889 135.27468816666666 135.60867194444444 135.85580339999999 135.9167754 135.9777474 135.74631157142858
119.61829218579237 120.06226085470085 120.52535572649573 120.9884505982906 121.45154547008548 121.91464034188036 122.37773521367522 122.84083008547012 123.2649695652174 123.61119826086957 123.95742695652174 124.30365565217392 124.66220537878787 125.03307613636363 125.42496206896551 125.94293905172415 126.46091603448275 126.97889301724138 127.49687 127.93978552631577 128.38270105263157 128.81755331325297 129.23224740963855 129.6469415060241 130.10396784482757 130.59030112068967 131.07663439655173 131.5629676724138 132.04930094827586 132.44174661458334 132.76494296875 133.08813932291665 133.41672938888888 133.75071316666666 134.08469694444443 134.41868072222223 134.75266449999998 135.08664827777778 135.42063205555556 135.75461583333333 136.084465 136.352295 136.4960102 136.5569822 136.3563261428571
120.08240068376068 120.54549555555556 121.00859042735044 121.47168529914529 121.93478017094017 122.39787504273505 122.7830591304348 123.12928782608694 123.47551652173914 123.82174521739131 124.16797391304348 124.52159522727271 124.89246598484849 125.26333674242423 125.6342075 126.15218448275863 126.67016146551724 127.18813844827585 127.70611543103448 128.2240924137931 128.72705710526316 129.16997263157893 129.596761626506 130.01145572289155 130.49453267241378 130.98086594827583 131.46719922413794 131.9535325 132.41150416666667 132.86655785714285 133.2286895 133.56267327777778 133.89665705555555 134.23064083333333 134.56462461111113 134.89860838888887 135.23259216666665 135.56657594444445 135.90055972222223 136.23454349999997 136.539585 136.807415 137.075245 137.136217 136.9663407142857
120.56563538461539 121.02873025641027 121.49182512820512 121.95492 122.30114869565217 122.64737739130433 122.99360608695653 123.33983478260869 123.68606347826086 124.03229217391306 124.38098507575756 124.75185583333334 125.12272659090911 125.49359734848485 125.86446810606061 126.36142991379309 126.87940689655171 127.39738387931034 127.91536086206898 128.4333378448276 128.9513148275862 129.46929181034483 129.9572442105263 130.39876422413792 130.8850975 131.34306916666668 131.80104083333333 132.2590125 132.7169841666667 133.17203785714287 133.62417357142857 134.04260094444444 134.37658472222222 134.7105685 135.04455227777777 135.37853605555554 135.71251983333332 136.04650361111112 136.3804873888889 136.71447116666664 136.994705 137.262535 137.530365 137.71545179999998 137.5763552857143
121.0488700854701 121.47300956521741 121.81923826086958 122.16546695652175 122.51169565217391 122.8579243478261 123.20415304347827 123.55038173913043 123.8966104347826 124.24283913043479 124.61124568181819 124.98211643939393 125.35298719696969 125.72385795454545 126.09472871212121 126.57067534482758 127.0886523275862 127.60662931034483 128.12460629310345 128.64258327586205 129.16056025862068 129.6785372413793 130.19651422413793 130.70486083333333 131.19057750000002 131.64854916666667 132.10652083333335 132.5644925 133.02246416666668 133.47751785714286 133.92965357142856 134.38178928571426 134.82836452380954 135.19049616666666 135.52447994444444 135.8584637222222 136.1924475 136.5264312777778 136.86041505555556 137.181995 137.44982499999998 137.717655 137.98548499999998 138.25331500000001 138.18636985714284
121.31442333333334 121.68355652173913 122.02978521739132 122.3760139130435 122.72224260869564 123.06847130434784 123.4147 123.76092869565217 124.10715739130434 124.47063553030303 124.84150628787879 125.21237704545455 125.58324780303029 125.95411856060606 126.3249893181818 126.77992077586205 127.29789775862069 127.8158747413793 128.33385172413793 128.85182870689655 129.36980568965515 129.88778267241378 130.38589916666666 130.89936083333333 131.41282249999998 131.92628416666668 132.41200083333334 132.8699725 133.32794416666667 133.78299785714287 134.23513357142858 134.68726928571428 135.139405 135.58598023809523 136.0044076111111 136.33839138888888 136.67237516666665 137.00635894444443 137.3403427222222 137.637115 137.90494499999997 138.172775 138.44060499999998 138.6441267857143 138.68000094594595
121.38754333333335 121.82539 122.24033217391305 122.5865608695652 122.93278956521739 123.27901826086958 123.62524695652174 123.9714756521739 124.33002537878788 124.70089613636362 125.07176689393938 125.44263765151516 125.8135084090909 126.18437916666666 126.55524992424242 126.98916620689656 127.50714318965517 128.02512017241378 128.5430971551724 129.06107413793103 129.57905112068966 130.0669375 130.58039916666667 131.09386083333334 131.60732249999998 132.12078416666668 132.63424583333335 133.1477075 133.63342416666666 134.08847785714286 134.5406135714286 134.9927492857143 135.444885 135.8970207142857 136.34359595238095 136.7901711904762 137.15230283333332 137.4862866111111 137.8202703888889 138.092235 138.360065 138.56358678571428 138.70280035714285 138.84201392857142 138.87204328571428
121.46066333333333 121.89850999999999 122.33635666666666 122.77420333333333 123.14333652173913 123.4895652173913 123.83579391304347 124.18941522727273 124.56028598484849 124.93115674242424 125.3020275 125.67289825757575 126.0437690151515 126.41463977272727 126.78551053030304 127.19841163793103 127.71638862068966 128.23436560344825 128.7523425862069 129.2703195689655 129.7648261111111 130.2614375 130.77489916666667 131.28836083333334 131.80182250000001 132.31528416666666 132.82874583333333 133.3422075 133.84023012820512 134.36186887323944 134.8396757746479 135.29822928571429 135.750365 136.20250071428572 136.65463642857142 137.10121166666667 137.5477869047619 137.96621427777777 138.27952499999998 138.4830467857143 138.62226035714286 138.76147392857143 138.9006875 139.03990107142857 139.06993042857144
