tin.asc
NCOLS 250
NROWS 250
XLLCORNER 2.0
YLLCORNER 3.0
CELLSIZE 1.0
NODATA_VALUE -9999
[rows 120 to 139 of 250, columns 0 to 44 of 250]
110.143035 110.42910499999999 110.715175 111.01198666666667 111.31953999999999 111.645028 112.02708230769231 112.52641269230769 113.02574307692306 113.192329875 113.4136996153846 113.64189053846154 113.899158125 114.185502375 114.471846625 114.758190875 115.044535125 115.330879375 115.617223625 115.903567875 116.18264174999999 116.45968363636365 116.74196390909091 117.02424418181818 117.30652445454548 117.58880472727272 117.871085 118.10415149635037 118.33721799270073 118.57028448905109 118.80335098540145 118.98454183673469 119.09789530612244 119.2112487755102 119.32460224489796 119.4379557142857 119.55130918367347 119.66466265306123 119.77801612244897 119.89136959183674 120.0074074 120.185185 120.72029625 121.28431 121.92058
110.143035 110.42910499999999 110.73021333333332 111.03776666666667 111.34532 111.68618057142857 112.05148115384617 112.55081153846153 113.002607125 113.121659125 113.30210176923077 113.53029269230768 113.75848361538462 113.98667453846154 114.24394212499999 114.530286375 114.81663062499999 115.102974875 115.38931912499999 115.675663375 115.95058275 116.22762463636364 116.50990490909092 116.79218518181818 117.07446545454545 117.35674572727274 117.639026 117.92130627272726 118.1824949270073 118.41556142335766 118.64862791970802 118.86174224489795 118.97509571428571 119.08844918367348 119.20180265306121 119.31515612244898 119.42850959183673 119.54186306122448 119.65521653061224 119.76857 119.93968466666666 120.34992625 120.8850375 121.43459999999999 122.07087
110.14303500000001 110.44844 110.75599333333335 111.06354666666667 111.37878628571428 111.72733314285713 112.07588 112.57521038461539 112.931936375 113.050988375 113.19050392307693 113.41869484615384 113.64688576923078 113.8750766923077 114.10326761538462 114.33145853846153 114.588726125 114.87507037499999 115.16141462499999 115.44672025 115.71852375 115.99556563636364 116.2778459090909 116.56012618181818 116.84240645454545 117.12468672727272 117.40696700000001 117.68924727272727 117.97152754545453 118.25380781818183 118.4939048540146 118.72697135036495 118.85229612244896 118.96564959183672 119.07900306122448 119.19235653061223 119.30571 119.47682466666666 119.64793933333334 119.81905400000001 120.06577212121212 120.53930060606059 121.04977875 121.58489 122.22116000000001
110.16666666666667 110.47422 110.78177333333333 111.08932666666666 111.41993885714285 111.76848571428572 112.11703257142857 112.59960923076922 112.86126562499999 112.980317625 113.099369625 113.307097 113.53528792307694 113.76347884615384 113.99166976923077 114.21986069230769 114.44805161538461 114.67624253846152 114.93351012499998 115.21466125 115.48646474999998 115.76350663636364 116.0457869090909 116.32806718181817 116.61034745454545 116.89262772727272 117.17490799999999 117.45718827272728 117.73946854545454 118.0217488181818 118.3040290909091 118.57224828467153 118.72949653061224 118.84285 119.01396466666665 119.18507933333333 119.356194 119.52730866666667 119.69842333333334 119.869538 120.26746303030303 120.7409915151515 121.21452 121.74963125000001 122.37145000000001
109.93034181818183 110.5 110.80755333333333 111.11510666666666 111.46109142857142 111.80963828571429 112.15818514285715 112.62400807692308 112.790594875 112.909646875 113.028698875 113.19549915384616 113.42369007692308 113.651881 113.88007192307691 114.10826284615385 114.33645376923077 114.5646446923077 114.77252759259258 114.98260225 115.25440575 115.53144763636364 115.8137279090909 116.09600818181818 116.37828845454546 116.66056872727272 116.942849 117.22512927272726 117.50740954545454 117.78968981818181 118.07507651162791 118.36667604651163 118.65696008333332 118.893334 119.06444866666666 119.23556333333332 119.406678 119.57779266666665 119.74890733333334 119.99562545454546 120.46915393939393 120.94268242424242 121.4162109090909 121.9143725 122.52174
109.7212781168831 110.26367515151514 110.83333333333333 111.15369714285715 111.50224399999999 111.85079085714284 112.1993377142857 112.600872125 112.719924125 112.83897612499999 112.958028125 113.08390130769232 113.31209223076925 113.54028315384616 113.76847407692307 113.99666500000001 114.19439388888888 114.39212277777779 114.58985166666666 114.78758055555555 115.02234675 115.29938863636363 115.5816689090909 115.86394918181819 116.14622945454545 116.42850972727271 116.71079 117.00238953488372 117.29398906976743 117.58558860465116 117.87718813953488 118.14977780000001 118.44640708333333 118.74804025 119.04967341666668 119.28604733333333 119.45716199999998 119.62827666666666 119.79939133333333 120.19731636363636 120.67084484848485 121.14437333333333 121.6179018181818 122.09143030303031 122.67203
109.5285711038961 110.0273503030303 110.59700848484849 111.09261928571429 111.50931976190476 111.89194342857144 112.24049028571429 112.530201375 112.649253375 112.768305375 112.88735737500001 113.006409375 113.20049438461538 113.4185312962963 113.6162601851852 113.81398907407407 114.01171796296296 114.20944685185185 114.40717574074074 114.60490462962963 114.80263351851852 115.06732963636364 115.3496099090909 115.63810302325581 115.92970255813952 116.22130209302327 116.51290162790697 116.80450116279069 117.09610069767442 117.38770023255813 117.66095236842106 117.9392248 118.23585408333332 118.53748725 118.83912041666667 119.14075358333335 119.44238675 119.67876066666666 119.92547878787879 120.39900727272727 120.87253575757575 121.32682870370368 121.76188611111111 122.19694351851852 122.75695200000001
109.33586409090908 109.79102545454546 110.36068363636362 110.8658875 111.27785785714283 111.69455833333333 112.11125880952379 112.3493702 112.4684222 112.5874742 112.7065262 112.82266500000001 113.01622283333333 113.21395172222222 113.41168061111112 113.6094095 113.8071383888889 114.00486727777778 114.20259616666667 114.40032505555556 114.59805394444444 114.85701558139533 115.14861511627907 115.44021465116278 115.7318141860465 116.02341372093024 116.31501325581395 116.60661279069765 116.89821232558138 117.17880342105262 117.4370464 117.7286718 118.02530108333332 118.32693425 118.62856741666667 118.93020058333333 119.23183374999999 119.53346691666667 119.99252092592592 120.42757833333333 120.86263574074073 121.29769314814814 121.73275055555557 122.16780796296297 122.72781644444444
109.14315707792207 109.5547006060606 110.12435878787879 110.64388583333334 111.04639595238095 111.46309642857143 111.8797969047619 112.0583786 112.17743059999998 112.29648259999999 112.406795 112.58498394495412 112.78724623853212 112.9874685 113.1851973888889 113.38292627777778 113.58065516666667 113.77838405555556 113.97611294444444 114.17384183333333 114.3715707222222 114.65689522727273 114.95072674418604 115.24232627906976 115.53392581395349 115.82552534883722 116.11712488372092 116.40872441860463 116.69665447368422 116.95155921052631 117.2264934 117.51811879999998 117.81474808333333 118.11638124999999 118.41801441666667 118.71964758333333 119.02128075 119.46052911111113 119.93730888888888 120.39844277777777 120.83350018518517 121.2685575925926 121.703615 122.1386724074074 122.6986808888889
108.95045006493505 109.35654136363635 109.88803393939395 110.42188416666667 110.81966416666666 111.23163452380953 111.648335 111.76738700000001 111.88643900000001 111.99092500000002 112.15306504587157 112.35532733944953 112.55758963302753 112.7598519266055 112.95871416666668 113.15644305555556 113.35417194444445 113.55190083333333 113.74962972222222 113.94735861111111 114.1450875 114.4523109090909 114.75283837209301 115.04443790697674 115.33603744186044 115.6276369767442 115.9192365116279 116.21083604651162 116.4694102631579 116.72431499999999 117.0159404 117.3075658 117.60419508333334 117.90582825000001 118.20746141666666 118.50909458333334 118.92332199999998 119.40010177777776 119.87688155555557 120.35366133333333 120.80436462962963 121.23942203703706 121.67447944444444 122.10953685185186 122.66954533333336
108.75774305194805 109.16383435064934 109.6517090909091 110.19988249999999 110.59766250000001 111.00017261904762 111.3573434 111.47639540000002 111.57505499999999 111.721146146789 111.92340844036698 112.12567073394494 112.32793302752296 112.53019532110092 112.73223094444445 112.92995983333333 113.12768872222222 113.32541761111112 113.5231465 113.72087538888889 113.94050318181819 114.2477265909091 114.55494999999999 114.8465495348837 115.13814906976745 115.42974860465117 115.72134813953487 115.98726131578947 116.24216605263157 116.513762 116.80538739999999 117.0970128 117.39364208333333 117.69527525 117.99690841666667 118.3861148888889 118.86289466666665 119.33967444444444 119.81645422222223 120.293234 120.77001377777776 121.21028648148149 121.64534388888889 122.0804012962963 122.64040977777779
108.56503603896104 108.97112733766234 109.41538424242424 109.97788083333333 110.37566083333331 110.77344083333332 111.06635179999999 111.159185 111.28922724770642 111.4914895412844 111.6937518348624 111.89601412844037 112.09827642201836 112.30053871559633 112.50280100917432 112.70347661111113 112.90120550000002 113.0989343888889 113.29666327777778 113.49439216666669 113.73591886363636 114.0431422727273 114.35036568181818 114.6486611627907 114.94026069767443 115.23186023255812 115.50511236842107 115.76001710526316 116.01492184210527 116.303209 116.5948344 116.88645980000001 117.18308908333333 117.48472224999999 117.84890777777777 118.32568755555556 118.80246733333334 119.2792471111111 119.75602688888887 120.23280666666668 120.70958644444444 121.18115092592592 121.61620833333335 122.05126574074073 122.61127422222225
108.37232902597404 108.77842032467532 109.18451162337664 109.74871757575758 110.15365916666667 110.55143916666665 110.74331500000001 110.85730834862385 111.05957064220185 111.26183293577981 111.4640952293578 111.66635752293577 111.86861981651377 112.07088211009174 112.27314440366973 112.47540669724772 112.67472227777779 112.87245116666666 113.07018005555555 113.26790894444444 113.53133454545454 113.83855795454545 114.14578136363636 114.45077279069768 114.7423723255814 115.02296342105262 115.27786815789474 115.53277289473684 115.8010306 116.09265599999999 116.38428139999999 116.6759068 116.97253608333332 117.31170066666667 117.78848044444445 118.26526022222222 118.74203999999999 119.21881977777778 119.69559955555556 120.17237933333332 120.6491591111111 121.12593888888888 121.58707277777778 122.02213018518518 122.58213866666668
108.17962201298701 108.58571331168831 108.99180461038962 109.51239272727273 109.93165750000001 110.3294375 110.42538944954127 110.62765174311927 110.82991403669725 111.03217633027523 111.23443862385321 111.4367009174312 111.63896321100918 111.84122550458716 112.04348779816515 112.24575009174312 112.4480123853211 112.64596794444445 112.84369683333334 113.04142572222223 113.32675022727273 113.63397363636363 113.94119704545454 114.24842045454547 114.54081447368421 114.7957192105263 115.05062394736842 115.30552868421053 115.5904776 115.882103 116.17372839999999 116.4653538 116.77449355555555 117.25127333333333 117.7280531111111 118.2048328888889 118.68161266666667 119.15839244444444 119.63517222222222 120.11195199999999 120.58873177777778 121.06551155555556 121.54229133333334 121.99299462962964 122.55300311111111
107.98691500000001 108.3930062987013 108.79909759740261 109.27606787878787 109.70965583333334 110.0034875 110.1825846551724 110.39273586206897 110.60025743119266 110.80251972477065 111.00478201834864 111.20704431192661 111.40930660550458 111.61156889908257 111.81383119266056 112.01609348623855 112.21835577981652 112.41948472222222 112.61721361111111 112.8149425 113.1221659090909 113.42938931818182 113.73661272727273 114.04559499999999 114.35023961538461 114.568475 114.8233797368421 115.0882992 115.3799246 115.67155 115.97502 116.27848999999999 116.63129868421053 117.12312710526315 117.61495552631578 118.10678394736843 118.59861236842104 119.09044078947367 119.57474488888889 120.05152466666665 120.52830444444444 121.00508422222222 121.481864 121.95864377777778 122.52386755555555
107.64198489830508 108.2002992857143 108.60639058441558 109.03974303030303 109.48765416666666 109.70859155172414 109.91874275862068 110.12889396551725 110.33904517241379 110.54919637931033 110.7593475862069 110.96949879310345 111.17965000000001 111.381912293578 111.58417458715597 111.78643688073394 111.98869917431195 112.19096146788992 112.3907303888889 112.61035818181819 112.9175815909091 113.224805 113.537305 113.849805 114.162305 114.45123884615384 114.66947423076923 114.91327999999999 115.21675 115.52022 115.82369 116.13246318181817 116.4571459090909 116.88211605263157 117.37394447368422 117.86577289473684 118.35760131578948 118.8494297368421 119.34125815789474 119.83308657894737 120.324915 120.81674342105264 121.30857184210527 121.78707151515151 122.39031230769231
107.29705479661017 108.00759227272728 108.41368357142856 108.81977487012986 109.2656525 109.44474965517242 109.65490086206896 109.86505206896553 110.07520327586207 110.28535448275862 110.49550568965518 110.70565689655173 110.91580810344828 111.12595931034484 111.33611051724138 111.54626172413793 111.75641293103448 111.96130486238533 112.1635671559633 112.40577386363637 112.71651500000002 113.029015 113.34151499999999 113.654015 113.96651500000002 114.27901499999999 114.55223807692309 114.77047346153847 115.06542000000002 115.36889 115.67235999999998 115.99173954545455 116.31642227272728 116.641105 117.13293342105263 117.62476184210526 118.11659026315789 118.60841868421052 119.10024710526315 119.59207552631578 120.08390394736841 120.55707212121213 121.02757454545454 121.56444615384615 122.20087153846154
106.95212469491526 107.81488525974027 108.22097655844156 108.62706785714286 108.97075655172415 109.18090775862069 109.39105896551725 109.60121017241379 109.81136137931036 110.0215125862069 110.23166379310345 110.441815 110.65164006666667 110.86146513333335 111.0712902 111.28111526666669 111.49094033333334 111.70076540000001 111.91059046666666 112.18269459999999 112.51707780000001 112.83322500000001 113.145725 113.458225 113.770725 114.083225 114.395725 114.65323730769231 114.91409 115.21755999999999 115.52633318181819 115.8510159090909 116.17569863636362 116.50038136363635 116.89192236842104 117.3837507894737 117.87557921052631 118.36740763157894 118.85657030303031 119.32707272727272 119.79757515151516 120.26807757575759 120.73858 121.37500538461539 122.01112840909093
106.60719459322034 107.62217824675325 108.02826954545456 108.43436084415585 108.67939234375 108.90733609375 109.12395566666667 109.33378073333333 109.5436058 109.75343086666668 109.96325593333333 110.173081 110.38290606666666 110.59273113333333 110.8025562 111.01238126666667 111.22220633333335 111.4320314 111.64185646666668 111.91396060000001 112.2483438 112.582727 112.91711020000001 113.2514934 113.57493500000001 113.88743500000001 114.199935 114.512435 114.76276 115.06622999999999 115.38560954545454 115.71029227272729 116.034975 116.35965772727272 116.68434045454545 117.1427397368421 117.62657090909092 118.09707333333333 118.56757575757575 119.03807818181818 119.5085806060606 119.97908303030302 120.54913923076923 121.18506068181819 121.82067977272729
106.26226449152543 107.42947123376624 107.83556253246755 108.22442750000002 108.3548975 108.57065703125 108.79860078125 109.02654453125001 109.25448828125002 109.48243203125001 109.69452193333333 109.904347 110.11417206666667 110.32399713333334 110.53382220000002 110.74364726666667 110.95347233333334 111.1632974 111.37312246666666 111.6452266 111.9796098 112.31399300000001 112.6483762 112.9827594 113.3171426 113.6515258 113.985909 114.31664500000001 114.62914500000001 114.92020318181817 115.24488590909091 115.56956863636364 115.89256666666667 116.21388 116.53519333333332 116.92042999999998 117.36959 117.81875 118.27858121212121 118.74908363636364 119.21958606060605 119.72327307692308 120.35899295454544 120.97344391129032 121.56672673387098
