tin.asc
NCOLS 250
NROWS 250
XLLCORNER 2.0
YLLCORNER 3.0
CELLSIZE 1.0
NODATA_VALUE -9999
[rows 60 to 79 of 250, columns 0 to 44 of 250]
-9999 -9999 93.85930059101655 93.19413855791962 92.5289765248227 92.43405597457628 94.00963301470588 93.69454772058823 93.40982524590164 93.2161912295082 93.02255721311475 92.8289231967213 92.633623630137 92.42166856164383 92.2097134931507 92.03544809278353 92.02450458762888 92.01356108247424 92.0026175773196 91.99167407216495 91.98073056701031 91.96978706185567 91.95884355670103 91.9479000515464 91.84981682352941 91.714388 91.58272119047619 91.47237246031746 91.68179503164558 91.92140683544304 92.16101863924051 92.39789881818182 92.6340960909091 92.87029336363636 93.10649063636363 93.34268790909091 93.70409764705883 94.2356885882353 94.76727952941177 95.29887047058824 95.83046141176473 96.36205235294118 96.89364329411764 97.42523423529413 97.95682517647059
-9999 -9999 94.24537510638298 93.58021307328605 92.91505104018911 93.13946572033898 94.63458904411763 94.31950375000001 94.022636147541 93.82900213114755 93.6353681147541 93.44173409836066 93.23810678082191 93.02615171232878 92.81419664383561 92.60224157534248 92.55360840206185 92.54266489690723 92.53172139175258 92.52077788659794 92.50983438144331 92.49889087628866 92.48794737113403 92.4770038659794 92.46606036082476 92.4551168556701 92.44417335051547 92.32244706349208 92.43534227848102 92.67290536363637 92.90910263636363 93.14529990909091 93.38149718181819 93.61769445454546 93.85389172727272 94.090089 94.52947282352942 95.06106376470589 95.59265470588235 96.12424564705881 96.6558365882353 97.18742752941176 97.71901847058825 98.25060941176471 98.78220035294117
-9999 -9999 94.63144962174941 93.96628758865248 93.30112555555556 93.84487546610168 95.25954507352941 94.94445977941177 94.63544704918033 94.44181303278688 94.24817901639344 94.054545 93.84258993150685 93.63063486301371 93.41867979452054 93.20672472602739 93.08271221649485 93.07176871134021 93.06082520618557 93.04988170103093 93.03893819587628 93.02799469072166 93.01705118556703 93.00610768041237 92.99516417525773 92.9842206701031 92.99927336065575 93.06631844262294 93.1841091818182 93.42030645454545 93.65650372727274 93.89270100000002 94.12889827272727 94.36509554545455 94.6012928181818 94.88911928571429 95.354848 95.88643894117646 96.41802988235294 96.94962082352941 97.48121176470589 98.01280270588235 98.54439364705883 99.0759845882353 99.60757552941176
-9999 -9999 95.01752413711583 94.35236210401891 93.68720007092197 94.5502852118644 95.88450110294116 95.56941580882352 95.25433051470588 95.05462393442622 94.86098991803279 94.65902815068495 94.44707308219179 94.23511801369864 94.02316294520548 93.81120787671233 93.61181603092783 93.6008725257732 93.58992902061857 93.57898551546393 93.56804201030928 93.55709850515464 93.546155 93.61320008196722 93.68024516393443 93.74729024590164 93.81433532786886 93.88138040983607 93.94842549180328 94.16770754545455 94.40390481818181 94.6401020909091 94.87629936363636 95.11249663636363 95.34869390909091 95.68814957142857 96.1802231764706 96.71181411764707 97.24340505882353 97.77499600000002 98.30658694117648 98.83817788235294 99.36976882352941 99.90135976470589 100.43295070588235
-9999 -9999 95.40359865248227 94.73843661938535 94.07327458628842 95.25569495762713 96.50945713235294 96.19437183823528 95.87928654411765 95.66743483606558 95.47380081967215 95.26351130136986 95.05155623287672 94.83960116438357 94.62764609589041 94.41569102739726 94.20373595890412 94.1299763402062 94.11903283505156 94.16008172131149 94.22712680327868 94.29417188524592 94.36121696721312 94.42826204918033 94.49530713114754 94.56235221311476 94.62939729508196 94.6964423770492 94.7634874590164 94.91510863636364 95.15130590909092 95.38750318181818 95.62370045454546 95.85989772727271 96.09609499999999 96.48717985714285 97.00559835294118 97.53718929411764 98.06878023529413 98.6003711764706 99.13196211764706 99.66355305882354 100.195144 100.72673494117649 101.25832588235293
-9999 96.45483520094564 95.78967316784869 95.12451113475176 94.45934910165484 95.96110470338982 97.1344131617647 96.81932786764706 96.50424257352941 96.28024573770492 96.07994952054796 95.8679944520548 95.65603938356165 95.4440843150685 95.23212924657534 95.0201741780822 94.83583602272729 94.80605372180453 94.90809860655739 94.97514368852458 95.04218877049179 95.10923385245901 95.17627893442625 95.24332401639344 95.31036909836067 95.37741418032789 95.44445926229508 95.51150434426229 95.57854942622951 95.66250972727275 95.898707 96.13490427272728 96.37110154545454 96.60729881818182 96.89512528571429 97.29938258823529 97.83097352941178 98.36256447058824 98.8941554117647 99.42574635294119 99.95733729411765 100.48892823529413 101.02051917647059 101.55211011764708 102.08370105882352
-9999 96.84090971631204 96.17574768321512 95.5105856501182 95.05071055084744 96.66651444915253 97.75936919117648 97.44428389705882 97.12919860294117 96.89305663934427 96.6844326712329 96.47247760273974 96.26052253424658 96.06513761363637 95.8863228409091 95.70750806818184 95.52869329545456 95.49767764462811 95.61816116541354 95.74645590225563 95.85725073770492 95.92429581967214 95.99134090163935 96.05838598360657 96.12543106557376 96.19247614754099 96.2595212295082 96.3265663114754 96.39361139344263 96.46065647540983 96.6461080909091 96.88230536363636 97.11850263636363 97.3546999090909 97.69415557142857 98.12475776470589 98.65634870588235 99.18793964705883 99.7195305882353 100.25112152941176 100.78271247058822 101.31430341176471 101.84589435294119 102.37748529411765 102.90907623529412
-9999 97.22698423167849 96.56182219858157 95.89666016548463 95.75612029661016 97.37192419491525 98.38432522058821 98.06923992647059 97.75415463235295 97.50087089041097 97.29443920454545 97.11562443181819 96.93680965909093 96.75799488636363 96.57918011363637 96.40036534090909 96.22155056818183 96.19053491735538 96.30731838842976 96.43026860902256 96.55856334586466 96.68685808270678 96.80640286885246 96.87344795081968 96.94049303278689 97.00753811475411 97.0745831967213 97.14162827868851 97.20867336065574 97.27571844262296 97.39350918181819 97.62970645454546 97.86590372727272 98.10210099999999 98.49318585714285 98.95013294117648 99.48172388235295 100.01331482352941 100.54490576470587 101.07649670588236 101.60808764705882 102.13967858823528 102.67126952941177 103.17479715648855 103.65026146946565
-9999 97.61305874704492 96.94789671394798 96.28273468085105 96.46153004237289 98.07733394067796 99.00928124999999 98.69419595588235 98.37911066176471 98.16611125 97.98729647727274 97.80848170454546 97.62966693181818 97.45085215909091 97.27203738636365 97.09322261363637 96.91440784090909 96.88339219008265 97.00017566115703 97.1169591322314 97.24237605263158 97.37067078947368 97.4989655263158 97.6272602631579 97.755555 97.82260008196721 97.88964516393443 97.95669024590164 98.02373532786886 98.09078040983607 98.15782549180328 98.37710754545455 98.61330481818182 98.90113128571429 99.29221614285714 99.77550811764706 100.30709905882352 100.83869000000001 101.37028094117646 101.90187188235295 102.43346282352941 102.95740013358778 103.43286444656488 103.908328759542 104.3837930725191
-9999 97.99913326241133 97.33397122931441 96.6688091962175 97.16693978813561 98.78274368644068 99.63423727941178 99.31915198529411 99.05258727272727 98.85420059829059 98.68015375 98.50133897727272 98.32252420454546 98.1437094318182 97.9648946590909 97.78607988636365 97.60726511363637 97.57624946280993 97.6930329338843 97.8098164049587 97.92659987603304 98.05448349624061 98.1827782330827 98.31107296992481 98.43936770676692 98.56766244360901 98.69595718045113 98.77175221311475 98.83879729508197 98.90584237704918 98.9728874590164 99.12450863636363 99.36070590909091 99.70016157142857 100.09124642857144 100.60088329411766 101.13247423529413 101.66406517647059 102.19565611764706 102.72724705882354 103.21546742366411 103.69093173664122 104.16639604961833 104.64186036259542 105.11732467557253
-9999 98.38520777777778 97.72004574468085 97.05488371158393 97.8723495338983 99.48815343220339 100.25919330882353 99.97322036363636 99.73576800000001 99.5318005128205 99.37301102272727 99.19419625 99.01538147727274 98.83656670454548 98.6577519318182 98.47893715909092 98.30012238636365 98.2691067355372 98.38589020661158 98.50267367768595 98.61945714876033 98.73829620300752 98.86659093984963 98.99488567669172 99.12318041353385 99.25147515037594 99.37976988721805 99.50806462406014 99.63635936090226 99.7209043442623 99.7879494262295 99.87190972727271 100.108107 100.49919185714285 100.89466752941176 101.42625847058824 101.95784941176471 102.48944035294117 102.99807040076337 103.47353471374046 103.94899902671756 104.42446333969465 104.89992765267178 105.37539196564886 105.85085627862594
-9999 98.77128229314421 98.10612026004728 97.44095822695036 98.57775927966102 100.1935631779661 100.89385345454546 100.6564010909091 100.41894872727275 100.20940042735043 100.06586829545455 99.88705352272727 99.70823875 99.52942397727273 99.35060920454546 99.17179443181818 98.9929796590909 98.96196400826447 99.07874747933884 99.19553095041323 99.3123144214876 99.42909789256197 99.55040364661653 99.67869838345865 99.80699312030075 99.93528785714287 100.06358259398496 100.19187733082707 100.32017206766918 100.44846680451128 100.57676154135338 100.67005647540984 100.9071372857143 101.29822214285716 101.72004270588235 102.25163364705884 102.7806733778626 103.25613769083971 103.73160200381679 104.20706631679388 104.682530629771 105.15799494274809 105.6334592557252 106.10892356870228 106.58438788167939
-9999 99.15735680851064 98.4921947754137 97.82703274231677 99.28316902542372 100.89897292372879 101.57703418181819 101.33958181818181 101.10212945454546 100.88700034188034 100.7444217948718 100.57991079545455 100.40109602272727 100.22228125000001 100.04346647727272 99.86465170454545 99.68583693181819 99.65482128099174 99.77160475206611 99.8883882231405 100.00517169421488 100.12195516528925 100.23873863636365 100.36251109022557 100.49080582706767 100.61910056390977 100.74739530075188 100.87569003759398 101.00398477443609 101.13227951127818 101.26057424812029 101.38886898496241 101.71296305555555 102.09725242857142 102.54541788235295 103.03874066793894 103.51420498091603 103.98966929389313 104.46513360687024 104.94059791984732 105.41606223282443 105.89152654580153 106.36699085877864 106.84245517175572 107.31791948473283
-9999 99.54343132387707 98.87826929078014 98.37277487288134 99.98857877118644 101.60438266949153 102.2602149090909 102.02276254545455 101.78531018181818 101.56460025641024 101.4220217094017 101.27276806818182 101.09395329545455 100.91513852272728 100.73632375 100.55750897727273 100.37869420454545 100.34767855371902 100.46446202479339 100.58124549586776 100.69802896694216 100.81481243801653 100.93159590909092 101.04837938016529 101.17461853383459 101.3029132706767 101.43120800751879 101.55950274436091 101.687797481203 101.8160922180451 101.94438695488721 102.1616813888889 102.53917527777779 102.91666916666668 103.29200378318583 103.77227227099237 104.24773658396948 104.72320089694657 105.19866520992366 105.67412952290077 106.14959383587785 106.62505814885496 107.10052246183207 107.57598677480917 108.05145108778625
-9999 99.92950583924349 99.26434380614657 99.07818461864406 100.69398851694916 102.20565325757575 102.72398803703705 102.70594327272727 102.46849090909092 102.24220017094017 102.09962162393163 101.95704307692307 101.78681056818182 101.60799579545456 101.42918102272728 101.25036625 101.07155147727272 101.04053582644627 101.15731929752067 101.27410276859504 101.39088623966943 101.50766971074381 101.62445318181818 101.74123665289255 101.85843124060149 101.98672597744363 102.11502071428572 102.24331545112781 102.37161018796992 102.49990492481204 102.62819966165415 102.9878936111111 103.3653875 103.65598320175438 104.00872077433628 104.49139134955753 104.97406192477875 105.4567325 105.9321968129771 106.4076611259542 106.8831254389313 107.3585897519084 107.8340540648855 108.30951837786262 108.7849826908397
-9999 100.31558035460992 99.650418321513 99.78359436440677 101.39939826271187 102.59864553030303 103.15641722222222 103.38912399999998 103.15167163636363 102.91980008547009 102.77722153846155 102.63464299145299 102.47966784090909 102.30085306818182 102.12203829545454 101.94322352272728 101.76440875 101.73339309917355 101.85017657024792 101.96696004132232 102.0837435123967 102.20052698347106 102.31731045454546 102.43409392561983 102.55087739669422 102.67053868421053 102.79883342105263 102.92712815789474 103.05542289473684 103.18371763157894 103.43661194444445 103.81410583333334 104.10470153508773 104.39529723684211 104.72543776548673 105.20810834070798 105.6907789159292 106.17344949115045 106.65612006637167 107.13879064159292 107.61665704198474 108.09212135496183 108.56758566793894 109.04304998091604 109.51851429389312
-9999 100.70165486997635 100.03649283687943 100.48900411016949 102.10480800847458 103.01135625925926 103.5888464074074 104.07230472727272 103.83485236363637 103.5974 103.45482145299145 103.3122429059829 103.16966435897436 102.99371034090908 102.81489556818183 102.63608079545456 102.45726602272728 102.42625037190084 102.5430338429752 102.65981731404959 102.77660078512397 102.89338425619835 103.01016772727273 103.1269511983471 103.24373466942149 103.36051814049588 103.48264612781955 103.61094086466166 103.73923560150375 103.88533027777777 104.26282416666666 104.55341986842106 104.84401557017544 105.13461127192981 105.44215475663718 105.92482533185841 106.40749590707965 106.8901664823009 107.37283705752212 107.85550763274337 108.3381782079646 108.82084878318584 109.30111727099236 109.77658158396946 110.25204589694656
-9999 101.08772938534278 100.42256735224586 101.1944138559322 102.81021775423729 103.44378544444446 104.02127559259259 104.59876574074075 104.51803309090909 104.28058072727272 104.13242136752137 103.98984282051282 103.84726427350427 103.68656761363637 103.50775284090909 103.32893806818183 103.15012329545455 103.1191076446281 103.23589111570247 103.35267458677686 103.46945805785123 103.58624152892561 103.703025 103.81980847107438 103.93659194214877 104.05337541322314 104.17015888429752 104.29475357142857 104.42304830827068 104.71154250000001 105.00213820175438 105.29273390350878 105.58332960526315 105.87392530701756 106.16452100877194 106.64154232300885 107.12421289823008 107.60688347345133 108.08955404867257 108.57222462389382 109.05489519911507 109.53756577433629 110.02023634955754 110.50290692477876 110.9855775
-9999 101.47380390070923 100.80864186761231 101.89982360169492 103.5156275 103.87621462962963 104.45370477777777 105.03119492592592 105.20121381818183 104.96376145454545 104.81002128205128 104.66744273504274 104.52486418803417 104.37942488636364 104.20061011363637 104.0217953409091 103.84298056818182 103.81196491735537 103.92874838842975 104.04553185950412 104.16231533057852 104.27909880165288 104.39588227272728 104.51266574380166 104.62944921487603 104.74623268595042 104.86301615702479 104.97979962809916 105.16026083333333 105.45085653508771 105.74145223684212 106.03204793859649 106.32264364035088 106.61323934210527 106.90383504385966 107.35825931415928 107.84092988938053 108.32360046460178 108.806271039823 109.28894161504425 109.7716121902655 110.25428276548674 110.73695334070798 111.2196239159292 111.70229449115045
-9999 101.85987841607565 101.19471638297871 102.60523334745763 103.90861977272726 104.30864381481481 104.88613396296296 105.46362411111112 105.88439454545454 105.64694218181818 105.48762119658119 105.34504264957265 105.20246410256411 105.05988555555555 104.89346738636364 104.71465261363636 104.5358378409091 104.50482219008265 104.62160566115703 104.7383891322314 104.85517260330579 104.97195607438017 105.08873954545456 105.20552301652893 105.3223064876033 105.43908995867768 105.55587342975205 105.67618306451612 105.89957486842104 106.19017057017544 106.48076627192981 106.77136197368421 107.0619576754386 107.35255337719298 107.64314907894736 108.07497630530975 108.55764688053097 109.04031745575222 109.52298803097347 110.00565860619469 110.48832918141593 110.97099975663718 111.4536703318584 111.93634090707965 112.4190114823009
