tin.asc
NCOLS 250
NROWS 250
XLLCORNER 2.0
YLLCORNER 3.0
CELLSIZE 1.0
NODATA_VALUE -9999
[rows 20 to 39 of 250, columns 180 to 224 of 250]
51.43135803414634 50.61432189655172 49.822904551724136 49.03148720689655 48.240069862068964 47.44865251724137 46.6572351724138 45.865817827586206 45.07440048275862 44.39806985869565 43.774051380434784 43.15003290217391 42.52601442391305 42.024281 41.528983631578946 41.215309814814816 40.967680925925926 40.72005203703704 40.47242314814815 40.22479425925927 40.11796061011905 40.03928600892857 39.9606114077381 39.88193680654762 39.80326220535714 39.72458760416667 39.645913002976194 39.567238401785715 39.48856380059524 39.437357140625004 39.413618421875 39.389879703125004 39.366140984375 39.342402265625 39.318663546875 39.280872413793105 39.11660955172414 38.95234668965517 38.788083827586206 38.62382096551725 38.502140600000004 38.3946544 38.287168199999996 38.179682 38.0580015
51.66117475121952 50.81386185853658 49.99216775862069 49.2007504137931 48.40933306896552 47.61791572413793 46.826498379310344 46.03508103448276 45.24366368965517 44.58825792391305 43.96423944565218 43.34022096739131 42.79987121052632 42.30457384210527 41.809276473684214 41.51211388888889 41.264485 41.01685611111111 40.76922722222223 40.52159833333334 40.27396944444445 40.11081769940476 40.03214309821429 39.953468497023806 39.874793895833335 39.796119294642864 39.71744469345238 39.63877009226191 39.56009549107143 39.528865515625 39.505126796875004 39.481388078125 39.457649359375 39.433910640625 39.410171921875005 39.386433203125 39.32053724137931 39.15627437931035 38.99201151724138 38.827748655172414 38.71553106666667 38.60804486666667 38.50055866666667 38.393072466666666 38.28558626666666
51.89099146829268 51.04367857560976 50.19636568292683 49.370013620689654 48.578596275862076 47.78717893103449 46.995761586206896 46.20434424137932 45.41292689655172 44.77844598913044 44.15442751086957 43.57546142105264 43.08016405263158 42.58486668421053 42.089569315789475 41.808917962962965 41.561289074074075 41.313660185185185 41.066031296296295 40.818402407407405 40.57077351851852 40.32314462962963 40.103674788690476 40.0250001875 39.94632558630953 39.86765098511904 39.78897638392857 39.7103017827381 39.644112609375 39.620373890625004 39.596635171875 39.572896453125 39.549157734375 39.525419015625 39.501680296875 39.477941578125 39.454202859375 39.36020206896552 39.195939206896554 39.036407733333334 38.92892153333333 38.821435333333326 38.71394913333333 38.606462933333326 38.49897673333333
52.12080818536586 51.273495292682924 50.4261824 49.578869507317066 48.74785948275862 47.956442137931035 47.16502479310345 46.37360744827586 45.592652532608696 44.968634054347824 44.35105163157895 43.85575426315789 43.36045689473684 42.86515952631579 42.36986215789474 42.10572203703704 41.85809314814815 41.61046425925926 41.36283537037037 41.11520648148148 40.867577592592596 40.619948703703706 40.372319814814816 40.124690925925925 40.01785727678572 39.93918267559524 39.86050807440476 39.781833473214284 39.735620984375004 39.711882265625 39.688143546875 39.664404828125 39.640666109375005 39.616927390625 39.593188671875 39.569449953125 39.545711234375 39.521972515625 39.39986689655172 39.2497982 39.142312 39.0348258 38.927339599999996 38.84445717241379 38.786178517241375
52.35062490243902 51.5033120097561 50.655999117073165 49.80868622439024 48.96137333170732 48.12570534482758 47.334288 46.54287065517241 45.78284059782609 45.15882211956522 44.63134447368421 44.13604710526316 43.64074973684211 43.14545236842105 42.650155 42.402526111111115 42.154897222222225 41.907268333333334 41.659639444444444 41.41201055555556 41.16438166666667 40.91675277777778 40.66912388888889 40.42149500000001 40.17386611111111 40.010714366071426 39.932039764880955 39.853365163690476 39.827129359375 39.803390640625004 39.779651921875 39.755913203125004 39.732174484375 39.708435765625 39.684697046875 39.660958328125 39.637219609374995 39.613480890625 39.589742171875 39.46318866666666 39.36390372413793 39.30562506896552 39.24734641379311 39.18906775862069 39.13078910344827
52.5804416195122 51.733128726829264 50.88581583414635 50.03850294146341 49.19119004878049 48.343877156097555 47.50355120689655 46.71213386206897 45.97302866304348 45.406934684210526 44.91163731578947 44.41633994736843 43.92104257894737 43.425745210526316 42.94695907407407 42.69933018518519 42.4517012962963 42.2040724074074 41.95644351851852 41.708814629629636 41.461185740740746 41.213556851851855 40.965927962962965 40.718299074074075 40.470670185185185 40.223041296296294 40.00357145535714 39.942376453125 39.918637734375 39.894899015625 39.871160296875004 39.847421578125 39.823682859375 39.80616576515152 39.79487029545455 39.783574825757576 39.7722793560606 39.76098388636363 39.749688416666665 39.76679296551724 39.708514310344825 39.65023565517241 39.591956999999994 39.533678344827585 39.47539968965517
52.81025833658537 51.96294544390245 51.11563255121951 50.26831965853659 49.42100676585366 48.57369387317073 47.726380980487804 46.88139706896552 46.182524894736844 45.68722752631579 45.19193015789474 44.69663278947369 44.20133542105263 43.706038052631584 43.24376314814815 42.996134259259264 42.74850537037037 42.50087648148148 42.253247592592594 42.0056187037037 41.75798981481482 41.51036092592592 41.26273203703704 41.01510314814815 40.76747425925925 40.51984537037036 40.21774516363637 40.11677424390245 40.10347047727272 40.09217500757576 40.080879537878786 40.06958406818181 40.05828859848485 40.04699312878788 40.03569765909091 40.02440218939394 40.01310671969697 40.00181125 40.076701883333335 40.11140355172414 40.05312489655172 39.99484624137931 39.93656758620689 39.87828893103448 39.82001027586207
53.033168941489365 52.17204382446809 51.31091870744682 50.44979359042553 49.58866847340426 48.72754335638298 47.86641823936171 47.00529312234043 46.460907 45.967520368421056 45.47222300000001 44.97692563157895 44.4816282631579 43.986330894736845 43.54056722222222 43.29293833333334 43.04530944444444 42.79768055555556 42.55005166666666 42.302422777777785 42.05479388888889 41.807165 41.559536111111115 41.311907222222224 40.994243781818184 40.65323549090909 40.44745882758621 40.3817011707317 40.350322731707315 40.33300237121213 40.32170690151516 40.31041143181818 40.29911596212121 40.28782049242424 40.27652502272728 40.26522955303031 40.253934083333334 40.32882471666667 40.39527327777778 40.430767574074075 40.39773548275862 40.339456827586204 40.28117817241379 40.22289951724137 40.16462086206896
53.04199006914894 52.18086495212766 51.31973983510639 50.45861471808511 49.59748960106383 48.73636448404256 47.87523936702128 47.01411425 46.628097625 46.242081 45.75251584210526 45.25721847368421 44.76192110526316 44.26662373684211 43.837371296296304 43.589742407407414 43.34211351851852 43.09448462962963 42.84685574074074 42.599226851851846 42.35159796296297 42.103969074074065 41.7707424 41.42973410909091 41.08872581818182 40.8583615862069 40.68946627586207 40.64662809756097 40.615249658536584 40.5838712195122 40.56253426515151 40.551238795454545 40.53994332575758 40.5286478560606 40.51735238636363 40.506056916666665 40.580947550000005 40.65583818333333 40.71103064814815 40.746524944444445 40.74234606896552 40.6840674137931 40.625788758620686 40.56751010344827 40.50923144827586
53.05081119680851 52.189686079787236 51.328560962765955 50.46743584574469 49.6063107287234 48.74518561170213 47.88406049468086 47.181304874999995 46.79528825 46.409271625 46.023255000000006 45.53751131578947 45.04221394736842 44.54691657894737 44.13417537037037 43.88654648148149 43.63891759259259 43.39128870370371 43.14365981481481 42.88824930909091 42.54724101818182 42.20623272727273 41.86522443636363 41.52421614545455 41.26926434482758 41.10036903448275 40.94293346341463 40.91155502439024 40.880176585365845 40.848798146341466 40.81741970731707 40.79206615909091 40.78077068939394 40.769475219696965 40.75817975 40.833070383333336 40.90796101666667 40.98285165 41.026788018518516 41.062282314814816 41.086956655172415 41.028678 40.970399344827584 40.912120689655175 40.85384203448275
53.05963232446808 52.19850720744681 51.337382090425535 50.476256973404254 49.61513185638298 48.75400673936171 47.892881622340425 47.3484955 46.962478875 46.576462250000006 46.190445625 45.804429 45.322506789473685 44.82720942105263 44.430979444444446 44.183350555555556 43.935721666666666 43.66474792727273 43.32373963636364 42.982731345454546 42.64172305454546 42.300714763636364 41.95970647272728 41.680167103448284 41.51127179310345 41.34237648275862 41.207860390243894 41.17648195121951 41.14510351219512 41.11372507317073 41.08234663414634 41.05096819512195 41.02159805303031 41.010302583333335 41.08519321666667 41.16008385 41.23497448333333 41.30705109259259 41.342545388888894 41.37803968518518 41.41353398148148 41.3732885862069 41.31500993103448 41.256731275862066 41.19845262068966
53.11255157865168 52.217504825842695 51.34620321808511 50.485078101063834 49.623952984042546 48.76282786702127 47.901702750000005 47.515686125 47.129669500000006 46.743652875 46.357636250000006 45.971619625 45.585603000000006 45.10750226315789 44.72778351851852 44.44124654545455 44.10023825454545 43.75922996363636 43.41822167272727 43.07721338181818 42.736205090909095 42.3951968 42.09106986206897 41.92217455172414 41.75327924137931 41.58438393103448 41.47278731707317 41.441408878048776 41.41003043902439 41.378652 41.36600898823529 41.353365976470585 41.34072296470588 41.3609714893617 41.42009182978723 41.48709731666666 41.56198795 41.62280846296296 41.65830275925926 41.69379705555556 41.72929135185185 41.717899172413794 41.65962051724138 41.60134186206896 41.54306320689655
53.21635328651685 52.32130653370787 51.42625978089888 50.53121302808989 49.6361662752809 48.77164899468085 48.068893374999995 47.682876750000005 47.296860125 46.9108435 46.52373318181819 46.13662286363636 45.74951254545455 45.332709 44.917342285714284 44.56279885714285 44.20825542857143 43.853712 43.512703709090914 43.17169541818182 42.83068712727273 42.501972620689656 42.333077310344834 42.164182 42.01139450847458 41.85860701694914 41.81265595294118 41.80001294117646 41.78736992941177 41.77472691764706 41.762083905882356 41.74944089411765 41.73679788235294 41.75106612765958 41.81018646808511 41.86930680851064 41.928427148936166 41.93856583333333 41.97406012962963 42.00955442592593 42.045048722222226 42.06250975862069 42.00423110344828 41.945952448275854 41.87998154651163
53.29611214102564 52.38904396153846 51.481975782051286 50.57490760256411 49.66783942307692 48.760771243589744 48.21762799285714 47.83990516428572 47.45748859090909 47.070378272727275 46.68326795454546 46.29615763636364 45.90904731818182 45.521937 45.106570285714284 44.75202685714286 44.39748342857143 44.04294 43.68839657142858 43.340611354838714 43.01310077419355 42.792303525423726 42.6395160338983 42.48672854237288 42.33394105084746 42.20953544117647 42.20433373529412 42.196087858823525 42.18344484705882 42.170801835294114 42.15815882352941 42.14551581176471 42.1328728 42.141160765957444 42.200281106382974 42.25940144680851 42.31852178723405 42.30766833333333 42.2898175 42.32531179629629 42.36080609259259 42.39630038888889 42.348841689655174 42.29056303448276 42.20920763953488
53.21959244871795 52.31252426923078 51.405456089743595 50.49838791025641 49.59131973076923 48.717335635714285 48.339612807142856 47.96188997857143 47.58416715 47.20644432142858 46.82872149285714 46.45099866428572 46.068582090909096 45.68147177272728 45.295798285714284 44.94125485714286 44.606986064516136 44.27947548387097 43.95196490322581 43.62445432258065 43.304567947368426 43.11485006779661 42.96206257627119 42.809275084745764 42.65648759322034 42.6001985 42.59499679411764 42.58979508823529 42.57951976470588 42.56687675294118 42.554233741176475 42.541590729411766 42.52894771764706 42.53125540425532 42.59037574468085 42.649496085106385 42.69462166666666 42.676770833333336 42.65892 42.64106916666667 42.67656346296297 42.71205775925925 42.693452275862064 42.635173620689656 42.53843373255814
53.143072756410255 52.23600457692308 51.328936397435896 50.42186821794871 49.514800038461544 48.839320449999995 48.461597621428574 48.083874792857145 47.70615196428571 47.32842913571429 46.95070630714286 46.57298347857143 46.19526065 45.85432382954545 45.54585019354839 45.21833961290322 44.89082903225807 44.5633184516129 44.23580787096775 43.90829729032259 43.61890773684211 43.4373966101695 43.28460911864407 43.13182162711865 42.99606326470588 42.990861558823525 42.985659852941176 42.98045814705882 42.97525644117647 42.96295167058824 42.95030865882353 42.93766564705882 42.92502263529411 42.921350042553186 42.98047038297872 43.03959072340426 43.06372416666667 43.04587333333333 43.028022500000006 43.01017166666667 42.99232083333334 43.02781512962963 43.03806286206896 42.97978420689655 42.8676598255814
53.066553064102564 52.15948488461538 51.2524167051282 50.34534852564102 49.438280346153846 48.96130526428571 48.58358243571429 48.205859607142855 47.82813677857143 47.45041395 47.072691121428576 46.71703989772727 46.42760348863636 46.138167079545454 45.82969320833334 45.50218258064516 45.174672 44.84716141935484 44.51965083870968 44.19214025806451 43.933247526315796 43.75994315254237 43.60715566101695 43.454368169491524 43.386726323529416 43.38152461764706 43.3763229117647 43.371121205882346 43.3659195 43.359026588235295 43.346383576470586 43.33374056470588 43.32109755294118 43.31144468085107 43.3705650212766 43.42968536170213 43.43282666666667 43.41497583333333 43.397124999999996 43.37927416666666 43.361423333333335 43.34357249999999 43.37906679629629 43.31670254651162 43.19688591860464
52.990033371794866 52.0829651923077 51.17589701282051 50.26882883333333 49.46101290714286 49.08329007857144 48.705567249999994 48.32784442142857 47.950121592857144 47.57975596590909 47.29031955681818 47.00088314772727 46.71144673863636 46.42201032954546 46.113536458333336 45.7860255483871 45.458514967741934 45.13100438709677 44.80349380645161 44.498855842105264 44.247587315789474 44.08248969491525 43.92970220338982 43.78259108823529 43.777389382352936 43.77218767647058 43.76698597058824 43.76178426470588 43.75658255882353 43.75138085294118 43.74245849411764 43.72981548235294 43.71717247058823 43.70452945882354 43.76065965957447 43.81978 43.80192916666667 43.78407833333333 43.7662275 43.748376666666665 43.73052583333334 43.712675000000004 43.69482416666667 43.64592863953487 43.52828144444444
52.91351367948718 52.0064455 51.09937732051282 50.192309141025646 49.58299772142857 49.20527489285715 48.82755206428572 48.44982923571428 48.153035625 47.86359921590909 47.57416280681819 47.284726397727276 46.99528998863636 46.70585357954546 46.39737970833334 46.069868516129034 45.74235793548387 45.41484735483871 45.08733677419355 44.81319563157895 44.56192710526316 44.40503623728813 44.252248745762714 44.17325414705883 44.16805244117647 44.162850735294114 44.15764902941176 44.152447323529415 44.14724561764706 44.14204391176471 44.13684220588235 44.1258904 44.113247388235294 44.10060437647059 44.15075429787234 44.188882500000005 44.17103166666667 44.15318083333333 44.135329999999996 44.11747916666666 44.09962833333333 44.0817775 44.04719214285714 43.987505 43.874863
52.83699398717948 51.92992580769231 51.02285762820513 50.11578944871795 49.70498253571428 49.32725970714285 49.01575169318181 48.72631528409091 48.436878875000005 48.14744246590909 47.85800605681818 47.56856964772727 47.27913323863637 46.98969682954546 46.681222958333336 46.353711625 46.026200903225806 45.698690322580646 45.378803947368425 45.12753542105263 44.88037027118644 44.72758277966101 44.5747952881356 44.56391720588235 44.5587155 44.55351379411765 44.5483120882353 44.54311038235294 44.53790867647059 44.53270697058824 44.52750526470588 44.52196531764706 44.50932230588235 44.496679294117655 44.540848936170214 44.557985 44.54013416666667 44.522283333333334 44.50443249999999 44.486581666666666 44.46036357142857 44.40067642857142 44.340989285714286 44.281302142857136 44.221615
